50 2 2
1.388261 2.076096 1
2.177247 3.102304 1
0.378645 5.30761 1
3.681732 1.622681 1
2.462861 2.777897 1
1.735954 3.82709 1
1.167995 5.518099 1
1.807107 3.250988 1
3.508638 1.843392 1
1.864733 2.401942 1
2.41636 1.533124 1
3.010207 3.569472 1
1.021681 4.510689 1
3.773426 0.228935 1
-0.037831 5.1149 1
1.434476 4.037901 1
3.153464 2.681303 1
3.824689 2.107575 1
3.684099 0.632402 1
1.972013 2.88941 1
-0.26852 5.033146 1
0.505922 5.39605 1
0.86143 4.359509 1
2.310166 1.969608 1
-1.069797 5.405615 1
-1.176989 1.221327 2
1.171513 0.532155 2
1.363326 0.030999 2
0.692526 0.991248 2
0.76711 -0.37967 2
-0.235531 0.112045 2
-0.199647 -1.070743 2
1.255469 1.028974 2
-0.098229 1.982112 2
0.442377 1.796213 2
1.569151 0.16039 2
-0.027116 1.557415 2
1.082378 -0.232534 2
-0.284498 1.594134 2
0.002024 -0.157725 2
0.46484 1.262925 2
0.240005 1.375252 2
0.192936 0.036013 2
0.058542 -1.481563 2
1.49567 0.403416 2
0.380658 -0.412469 2
0.471814 0.852949 2
3.314178 1.800078 2
1.010303 0.166094 2
-1.668238 2.34433 2
