50 2 6
-0.417091 0.114782 1
0.054031 0.296411 1
-0.337597 0.346704 1
-0.0469 -0.319833 1
0.000955 -0.07788 1
0.163704 -0.171811 1
-0.140118 0.163781 1
0.228946 -0.032098 1
0.379642 -0.006396 1
-0.38736 -0.217393 1
-0.077707 -0.28845 1
-0.141468 -0.132688 1
0.132764 -0.312654 1
-0.157673 -0.279198 1
-0.25882 -0.08331 1
0.032572 -0.274695 1
-0.333664 0.15261 1
-0.48088 0.023882 1
-0.06806 -0.368618 1
0.36105 -0.001467 1
0.276191 -0.309596 1
-0.198664 0.024887 1
-0.256391 -0.000411 1
-0.028428 -0.240332 1
-0.055645 0.395318 1
0.074451 -0.493023 1
-1.458111 -1.248425 2
-0.542492 1.410044 2
-0.043716 -1.704344 2
0.649086 -1.796709 2
-1.26914 -1.435574 2
-1.566028 0.375653 2
-1.427879 -1.061701 2
1.421924 -0.8281 2
-1.485774 -0.29077 2
1.69407 -0.16668 2
-1.414101 -0.706898 2
1.256509 -1.377368 2
-1.829777 0.341094 2
1.854883 -0.187581 2
-1.189924 1.259079 2
-0.628499 -1.790395 2
-1.552427 0.822516 2
-1.441947 -0.538982 2
1.813554 -0.29039 2
-1.214872 1.519445 2
-1.610102 1.012989 2
-0.615437 1.462847 2
1.572015 0.411845 2
-1.497961 0.755176 2
