50 2 2
0 0 1
0.1 -0.1 1
0.2 -0.2 1
0.3 -0.3 1
0.4 -0.4 1
0.5 -0.5 1
0.6 -0.6 1
0.7 -0.7 1
0.8 -0.8 1
0.9 -0.9 1
1 -1 1
0.1 0.1 1
0.2 0 1
0.3 -0.1 1
0.4 -0.2 1
0.5 -0.3 1
0.6 -0.4 1
0.7 -0.5 1
0.8 -0.6 1
0.9 -0.7 1
1 -0.8 1
1.1 -0.9 1
0.2 0.2 1
0.3 0.1 1
0.4 0 1
2.09 0 2
2.19 -0.1 2
2.29 -0.2 2
2.39 -0.3 2
2.49 -0.4 2
2.59 -0.5 2
2.69 -0.6 2
2.79 -0.7 2
2.89 -0.8 2
2.99 -0.9 2
3.09 -1 2
2.19 0.1 2
2.29 0 2
2.39 -0.1 2
2.49 -0.2 2
2.59 -0.3 2
2.69 -0.4 2
2.79 -0.5 2
2.89 -0.6 2
2.99 -0.7 2
3.09 -0.8 2
3.19 -0.9 2
2.29 0.2 2
2.39 0.1 2
2.49 0 2
