20 2 
-1.31703957985232 -1.26653634775123
-0.160116469027466 0.683141429031044
-1.03763917963294 -1.60394985143665
0.65207116275387 -0.829751723740202
-1.2083111295431 -0.264051169777951
-0.774272465779011 0.564643655322741
0.473227550388252 1.31212969641561
-0.643476698031025 0.779448203536834
-0.193722820722072 -1.28664524033114
-0.0809849897531256 0.916963524235443
0.383881678976015 1.10713319979507
-1.00319931649625 -1.23951314489467
0.372723844954002 1.27247796388784
-0.652009310810443 1.25865852677727
0.0164384882515246 2.22393670510695
-1.95626181086271 -0.983718551608427
0.436855642525612 -0.44806186767396
-0.291324537333261 -1.62102585952782
-1.03099985237061 -0.514314313852746
-2.22709977480986 -1.03111482723327
