20 2 
1.66885672825753 -0.547869901385162
-0.696243717627799 -0.849885111876576
0.677643292058909 0.153455178514349
-2.38104963322828 1.78617773621828
1.9034959514421 -1.53554655351714
0.74837529972197 0.0204983390647076
0.894065437126659 -0.594113618739582
-0.583317079746022 -0.550844996812164
1.54810177025552 -1.03566040810348
-1.07526819011458 -0.562424297611694
1.02952617723738 0.075331666505227
0.0854833909741084 -1.01707625060544
0.414007704503062 0.822578497605957
-2.35651863934201 0.458185881796814
1.3784964966576 -0.359146699821471
-0.789980012902767 0.969090321095087
-0.0704286334102943 -1.1778906476057
-1.87290209435682 0.702083050898796
1.02220297549082 -0.038068341737067
0.968849639799244 -0.90763314285008
