20 2 
0.265446561866724 -1.79924528076356
2.69165293866727 -1.12036645058729
0.52820182926295 -1.69479518773788
-2.96977571032551 -0.313366046396763
-2.09415999942912 0.618818012939865
0.160969486097187 0.903392240657392
1.84749673268676 -1.94341794829478
-0.111944221355513 -0.503116710573084
1.02850365281695 -1.35542884886176
1.55406737845888 -1.72798094548184
0.345963857224541 0.581125228689587
-0.503888351600621 0.138739462858336
-0.0142355250851283 -1.7767901838342
0.320237253917181 -2.26856361397291
2.53111895917861 -2.02810859271131
0.824225702430627 -1.90417525948243
0.446348867855791 -1.87720868913637
-2.51379823107264 0.0835477568103778
0.00242401124723557 0.495285406401146
-0.442186300553638 -0.283677557931008
