20 2 
-0.18050337618505 0.211848932690491
-1.93123099779483 0.828415603774548
0.26191658562722 0.211997198984121
-0.383425606820607 0.829750522321747
-1.89180229046995 0.837131470757666
-0.253755007543101 -0.470628976625664
-0.743227723719132 -0.167283730957231
-0.89241485661439 -2.93037898489135
-1.20676262882391 0.152413904288688
1.14867955182852 -0.842919466431253
-1.05458297949487 0.368071633097924
0.249679391779725 0.378350566948092
-0.428551617748508 0.122275701609809
0.339076188956169 1.01596919318669
-1.11390353062158 -3.20564769319633
-1.28528815346035 1.33335727960806
-1.14496946836467 1.16199148878824
0.060530691773363 -2.93917271746754
-1.84749063455329 -0.0130136550307793
-0.0356708144191905 0.329995886546382
