20 2 
-0.557121221480939 1.7141785855667
-0.195791835830409 0.978153463179134
-0.521414930568152 1.11651112829971
-0.201530609365132 0.769279283845603
-0.592700179983904 0.0635159988163436
-0.582467354312538 -0.0697386284880292
-2.11837627956194 0.190965258432057
-1.18589675671134 1.0323017251976
-0.497494273844964 1.36378506555371
-1.22179184886292 -0.392546015165525
0.149745697502822 -0.0754349729573344
-0.71837234199369 1.25069896435351
0.462187045364802 0.672386485035444
-1.50848990799579 1.4270355201095
-0.375002910888508 1.07955869285085
0.228080876661343 1.30873661418459
1.09338853212034 0.0589728150004164
-1.91987207800272 0.107170251440069
-0.42177209593068 -0.106078300654319
-0.586660220416058 0.660857573534664
