20 2 
-1.6692551125669 0.841515209470639
-0.37092807149154 -0.382863535596922
-0.65042267167692 -0.954300294525553
0.313934554211079 -0.891869327932918
-0.620063161849159 -0.867853070791752
1.71389301331278 1.22530382322414
0.520651859201015 0.66799695481437
0.645928141093598 0.56267382403222
-1.8725583610541 0.22848151570041
-0.98802805776147 0.390363443554562
0.303877518050876 2.01440126930489
-0.490546847659216 0.465930233198108
-1.23030724525478 0.0386261981285973
-0.279089435098295 0.432846679025987
-0.770830991892803 -1.35329004650143
-0.0246029825869389 -0.104047406770377
-0.163233840578162 0.670600033918441
0.550058024213151 1.39776124799052
0.502005095287185 1.51831477570926
-0.45542529315925 1.41015233741165
