20 2 
-0.875529300465467 0.722431855485475
-0.195054430943137 1.72934277464642
0.319202015009673 -0.220589717208199
0.784707212764539 0.520649760377669
0.548949242977621 -0.637916967611862
-0.199623743573523 0.30140201580359
0.417340950313334 0.144818803970316
0.303465409174912 0.757335189558928
-0.396972292738132 1.06231353744501
-0.847241256951865 1.3138306890538
0.750524827204657 -1.02168132289071
0.896362292926486 -0.450303740293343
-1.00891196437849 0.669346527999475
1.28314751238329 -0.521717569189564
0.293396625424555 -0.772781669667825
0.463858513225979 0.138780361394528
-0.581748561049359 1.37690407326834
-0.559502860536683 0.593284288986154
1.56359519790835 0.055492015837722
0.194270097741821 0.0811825205419019
