20 2 
-1.1953685850313 -2.35382820317418
-1.67811484561005 -0.710049917370375
0.385725597067459 -0.094843921900118
1.37303066746078 -1.27526052662294
-0.974565227939733 -1.05004475011858
2.2501239610939 0.678408076841733
-2.67465770978845 -1.83723677217167
0.323585763383167 -0.711011190077198
1.23291737878549 -0.882936903589751
0.515287861698318 -0.0605669630665784
0.8800392017957 -0.746134479446753
0.464020831908443 -0.515028714065671
1.0752834843043 0.737083755389311
-0.458490293452172 -0.442248539979341
0.244706582417782 1.28066804555162
-0.0115404191291469 -1.14394254137454
0.632472575158704 1.8680788619286
1.17626177014749 0.323563298428476
0.930960389638715 1.21534175297839
0.179471003401707 -1.62582930668648
