20 2 
-0.619883800917134 1.1055314861543
0.0296906511796738 -0.0433664592924362
0.844916980352313 2.11601129852842
0.777354230579361 1.78402232053245
0.283916775307808 2.46221300481659
-0.64982537027651 0.764667922292871
-1.31687443222278 0.267042685652235
1.47132450431075 -0.289000271592683
-1.27012418616202 1.43273005731508
0.594379855926437 1.67477440877596
0.941792693766379 0.00606641692582055
1.41510089694737 1.22922467873955
0.534972284909757 -0.611851942856618
-0.893706642197745 -0.00243272819666096
-0.927696738119493 1.31696920403953
-0.117573830612071 0.883945921313154
0.993629113972447 -0.634667466720925
0.236984816678831 1.9055317690679
0.611227063238088 2.68044946452202
-1.50120619948017 0.251930454193683
