20 2 
0.256168893711225 0.0109001406878613
0.856082369898169 -0.0832393426488378
0.509197796292707 0.444574249384063
0.273417377058929 -1.44562769327026
-0.444731894293191 1.51902183573228
-0.405718956714354 -1.00904200264509
0.468609506991154 -2.42052377387682
1.27739612938295 0.0171235465884997
-0.136901104161571 0.864274335799337
0.257206718722957 -1.2864221484074
0.519653902670883 0.857405392797542
-0.166037898930145 0.0868176809588409
0.735400600333067 1.20582811105386
1.34104083780584 -1.4550730186559
0.261116115269978 1.77895104861943
0.00968143812505312 0.0877128133846542
1.22393736509563 -2.04258349325072
-0.922971917794878 1.80635761253273
0.721867823363469 1.13396825190687
0.893230611523736 -3.02741590746967
