20 2 
0.534401907849703 2.19888363375734
-0.578847445106339 -0.967916473922284
-0.166348087549828 -0.858927426279725
0.468850871520927 0.4059179299121
0.772999279985371 1.48410046037148
0.307904329606543 -0.389213881365645
0.141837639040502 0.174227988580689
0.541288680850777 1.26154002753008
0.510624900123679 -1.79240353844874
-1.20917940233686 -2.06379242001784
0.324771516379004 -0.561972356983393
0.510972477881507 0.695578944591575
-0.15838324018119 -2.28101199188211
0.424560793188124 -1.72666259535722
0.142807552191037 0.54510607951404
1.24353653347718 0.223194318772582
-0.0209553103302907 -0.293843957205825
0.289710609346924 1.05363703391403
0.0278519263970259 -0.506233672103198
-1.01115266702686 -0.0234060870899437
