20 2 
-1.19084994394189 0.880824426167317
-1.87018159498977 -0.891614493631325
-0.0576856364432209 2.10479599260039
-1.43039563084171 -0.831212236522355
1.38603459574752 0.722111079592125
-1.05170688493967 -0.151257186014959
-0.584615901926688 -0.753738880483756
0.00794171136275685 2.58890315746662
-0.920726890311569 -0.680743535575394
0.249214205876074 2.25729924259442
1.38301065156428 1.08543501701856
0.228306463113816 2.04136709157737
-1.54770826866652 -0.759835803889197
0.0627538565287071 -0.391081557446168
-1.80803095199505 -0.198530284453608
-0.914466354911528 -0.468448642878179
-0.171225032998911 0.888886431227033
0.961269585277611 0.516801290881597
0.727806421029562 1.85502692667376
-1.59298566100173 -1.63570189002033
