20 2 
-0.633078021412072 0.184991329738872
-1.17685579577634 -2.15596128318329
0.168784984090462 0.925433340218137
0.396470740864802 -0.259172818613611
0.918354753773783 2.87114866544275
-0.348472103367265 1.95096777131314
0.261734971302989 2.39726385873176
-0.448801172141319 1.11473240467028
0.072796324732035 0.178766273563091
-0.38721820643086 -0.503857156287096
-0.034403193178917 -2.11412227150972
-0.106290360327906 0.545926934758188
0.463846499566257 0.493291314442312
0.295508308173629 -0.461557020061273
-0.371875202734162 -0.307706666683506
-0.367095115399744 1.8235817496166
0.83931087544263 -2.43124779603401
0.432514749106014 -0.291548842514483
-0.276000766465862 -1.09210461835496
-0.460947731475592 1.25117113526858
