20 2 
0.556601951166992 -1.86007496058522
1.6333868751027 2.58790523546996
0.0832674091183094 -1.8602469567123
-0.284073465125807 -1.5858247644834
1.19984872995861 -1.48980917405988
0.616150985563803 0.814581525479966
-0.445464654874634 0.156592183065453
0.953896573516222 -1.20232973854157
0.419803423774456 -0.289300353052555
1.0589830422582 -2.16542989453907
1.00156828578769 2.3258915949508
1.60325839080051 2.722750794413
0.422205322955875 2.22822885191218
0.445306377162153 -1.81802704837312
-0.146680650791408 2.31339313579245
-0.366118463509481 0.34629260273324
0.790705391124081 -1.67230273266097
0.46628581387932 0.703855402586568
0.688416727711001 0.961978778796164
1.37007156463328 -2.13544130193787
