20 2 
-0.0801751028869496 1.52358541542884
-0.582424675861057 1.69555813596999
1.02245358624658 -0.287570896608958
0.151946265481965 0.838465880564494
-1.16649411998 0.737078749839046
-0.198699331776546 -0.379057936432998
-0.34839575326119 1.47791166888643
1.36106043451342 -0.522949899887629
-0.572403081551511 0.946972631924876
1.27302271284611 -0.922666946602777
-0.349922107663388 2.10251568984483
0.105890753822861 -0.494471107819009
1.37179756472194 0.319938715245667
-0.71689787512063 -0.409548251568567
0.619931505086208 0.11510522371541
1.00134579260687 -0.0843638924156375
0.323194257017748 0.476739277641091
0.209576239616883 1.58683447878435
-1.82963638910537 2.15546425370594
1.58529662953186 -0.0447577730806489
