20 2 
-1.12984010820177 -0.811796964406173
-0.905218127256133 -0.120721596918655
-0.106788580549568 -0.0576290104922051
0.0279985233278378 0.0790456936264654
0.372405268784348 0.394222691640676
0.463430054460619 0.380358161753353
0.0163358747690614 -0.208191667118262
0.717060713731654 -1.11701098464783
0.588319442222968 0.119006268389146
0.405443630031973 -0.511423843902092
0.822847086352164 -0.953045534472915
1.21939536940423 1.28000053450922
-0.0362131863272639 1.77910499575087
0.440744003555881 -0.637490579507443
-1.08405037542997 -0.819041659357531
0.931591511776406 -0.00282334493861547
-0.706731812695322 0.0779992435180225
0.428020307854426 -0.630372681822055
0.714537647119529 0.998161178340687
0.066892023269943 -0.518025685141589
