20 2 
-2.6191660944576 0.450892101857677
-0.0634670124860758 -0.18484225873808
-0.790296526634223 0.705941908467647
-2.19134902764407 -0.585046825204311
-2.40594314283101 0.608620498779609
-1.85136593295674 -1.25071690819235
0.11290404818243 0.826377837083568
-0.547978376503946 0.47534414337252
-2.26962251515193 1.06831334205405
0.228517291386322 -0.823899135825854
-2.9243089718239 0.745873855524499
-0.652593705389618 0.347562393859421
-1.81972475224662 -0.283013435424901
0.253069613856373 0.836079450331001
-0.783122243848148 1.19255509397946
-0.612441083246474 -1.79074148270767
-0.997381460231094 -1.28515664969134
-0.570966357887072 0.288763566493169
0.470160570254927 -1.19533423416435
-0.0442030226980131 1.54487730426352
