20 2 
0.0099601686188463 -0.398594926197604
1.05281363048723 0.719351044207358
0.10955643477332 0.502499822742411
-0.662422318145216 0.349027210287737
2.39248913775706 1.7100707528313
0.799583930007136 0.00458169925418966
-0.137353736081159 -0.927974158580253
0.586378192869948 1.67480679768418
1.37531042216009 1.51058460505105
2.15426843817268 1.24844914310373
1.4260994861051 0.979485357841573
1.13423557584675 0.844353667876771
1.1964136293045 0.58768527047592
2.07325825815386 1.86790085730834
-1.7960833408984 -0.899737525916685
-0.985144398181671 -0.777050808684715
0.501215143654998 -0.496553558796163
0.33421642072582 2.15451716473388
-0.712028099759635 -0.0317617736453437
0.268819676252133 0.394667770554389
