20 2 
0.46490182642477 0.211129910278381
-0.318302326198903 0.082558552648644
-0.637762396985988 -0.133954738357212
-1.73589579890488 -2.0693805562888
0.275903534129874 -0.445891299736909
0.958344738619588 -0.571037528789686
0.501759722633882 -0.392691299307915
-0.668107469661925 -1.413939618449
-0.738416073815235 -3.3512286413543
1.44971625571939 -1.05349630122864
-0.223508603352136 -0.308926928040014
0.52441585578534 0.306331716691016
-0.896722444773123 -1.73301043303886
1.20383763153158 0.112538439388097
0.872317939378015 0.916022789089969
1.75014137876824 1.0915786326999
0.28634619016153 -0.702771352658058
0.369836498343973 -0.453045238141022
1.09623948407908 0.564140679812448
-0.872960646022898 -0.550363525761925
