20 2 
0.767036969682426 -1.28769294567504
-0.00134154468849038 0.0390962018260758
-0.0384443203758346 -0.47988472679702
0.457095084285529 0.330021643232586
1.6888537720359 -1.09116163293953
0.617363190509158 -0.953685498748765
0.0733085144782731 2.08820383244536
-0.350112981658948 -0.237877070568498
0.83505975749161 -0.853687911133106
-0.565203090581238 1.00772211562377
0.173705052656879 -0.713474824116251
-0.370646972955877 -0.147601366352494
0.492993807215353 0.313740630217982
-0.498999903454656 -0.463710429824385
-0.284208597238293 -1.18169816430917
-1.40874419244945 0.725965438920938
-0.303169924645326 -0.342809071350828
-1.00222281107165 -0.576531038553453
0.695874009163133 -0.991578121371885
-0.567809037876695 1.48097389987573
