100 2 6
-0.417091 0.114782 1
0.054031 0.296411 1
-0.337597 0.346704 1
-0.0469 -0.319833 1
0.000955 -0.07788 1
0.163704 -0.171811 1
-0.140118 0.163781 1
0.228946 -0.032098 1
0.379642 -0.006396 1
-0.38736 -0.217393 1
-0.077707 -0.28845 1
-0.141468 -0.132688 1
0.132764 -0.312654 1
-0.157673 -0.279198 1
-0.25882 -0.08331 1
0.032572 -0.274695 1
-0.333664 0.15261 1
-0.48088 0.023882 1
-0.06806 -0.368618 1
0.36105 -0.001467 1
0.276191 -0.309596 1
-0.198664 0.024887 1
-0.256391 -0.000411 1
-0.028428 -0.240332 1
-0.055645 0.395318 1
0.074451 -0.493023 1
-0.026067 0.361214 1
0.383108 -0.118063 1
-0.021727 0.357367 1
0.102986 -0.30644 1
0.468553 0.087124 1
0.12418 -0.466284 1
-0.257262 -0.344154 1
0.164727 -0.305763 1
0.1532 -0.166946 1
-0.196484 0.361061 1
-0.164265 -0.423242 1
-0.115913 0.141906 1
0.234838 -0.284737 1
0.435577 -0.065952 1
-0.289824 -0.281036 1
-0.218331 0.339873 1
-0.202617 -0.282583 1
-0.026528 0.28171 1
-0.483938 -0.054453 1
0.254847 0.029124 1
0.151301 0.328701 1
0.363223 0.115736 1
0.289041 0.174952 1
-0.150278 0.013699 1
-0.339199 0.258462 1
-1.458111 -1.248425 2
-0.542492 1.410044 2
-0.043716 -1.704344 2
0.649086 -1.796709 2
-1.26914 -1.435574 2
-1.566028 0.375653 2
-1.427879 -1.061701 2
1.421924 -0.8281 2
-1.485774 -0.29077 2
1.69407 -0.16668 2
-1.414101 -0.706898 2
1.256509 -1.377368 2
-1.829777 0.341094 2
1.854883 -0.187581 2
-1.189924 1.259079 2
-0.628499 -1.790395 2
-1.552427 0.822516 2
-1.441947 -0.538982 2
1.813554 -0.29039 2
-1.214872 1.519445 2
-1.610102 1.012989 2
-0.615437 1.462847 2
1.572015 0.411845 2
-1.497961 0.755176 2
0.226132 -1.826444 2
-1.708313 0.571398 2
-1.171396 0.940759 2
1.358785 0.892217 2
-0.644964 1.795638 2
0.343369 -1.578071 2
-0.594288 -1.639345 2
-1.060679 1.085295 2
-1.366924 1.189466 2
1.449943 -0.857031 2
0.298514 -1.938669 2
-1.389566 0.757529 2
-1.194234 -0.963689 2
-1.582156 0.464458 2
0.16226 1.607679 2
-1.297089 -1.193116 2
-1.591475 0.16504 2
1.661685 0.128097 2
-1.915692 -0.435067 2
0.172624 1.710775 2
-0.449896 -1.467852 2
1.012345 -1.648175 2
1.581367 -1.108917 2
-0.457691 1.904651 2
1.379175 1.384844 2
