100 2 2
0.15 0 1
0.15 0.25 1
0.15 0.5 1
0.15 0.75 1
0.15 1 1
0.15 1.25 1
0.15 1.5 1
0.15 1.75 1
0.15 2 1
0.15 2.25 1
0.15 2.5 1
0.15 2.75 1
0.15 3 1
0.1590287 0.414803 1
0.1615557 0.8163109 1
0.1627658 1.628365 1
0.1638636 0.778645 1
0.1743435 0.5312497 1
0.1781862 1.774766 1
0.1821549 1.170735 1
0.1851598 0.4267521 1
0.1882799 1.410506 1
0.188569 1.376922 1
0.1966325 1.7077 1
0.2075332 1.206062 1
0.2076227 1.103336 1
0.2114885 0.941725 1
0.2118931 2.819647 1
0.212571 0.2896754 1
0.2128912 1.398912 1
0.2147423 2.239866 1
0.2191172 0.1423022 1
0.220019 0.1433141 1
0.2225046 0.4031978 1
0.2242973 0.4770325 1
0.2300088 1.972408 1
0.2300904 0.1130746 1
0.2306559 1.760406 1
0.2345368 1.358276 1
0.2382129 0.5116846 1
0.2418566 0.9933721 1
0.2460321 2.472903 1
0.2465841 1.129498 1
0.2491534 2.61987 1
0.2494161 0.329157 1
0.2566993 0.709393 1
0.2571354 2.745335 1
0.2576924 0.5191773 1
0.2598367 0.4058427 1
0.2618317 1.324411 1
-0.15 3 2
-0.15 2.75 2
-0.15 2.5 2
-0.15 2.25 2
-0.15 2 2
-0.15 1.75 2
-0.15 1.5 2
-0.15 1.25 2
-0.15 1 2
-0.15 0.75 2
-0.15 0.5 2
-0.15 0.25 2
-0.15 0 2
-0.1590287 2.585197 2
-0.1615557 2.183689 2
-0.1627658 1.371635 2
-0.1638636 2.221355 2
-0.1743435 2.46875 2
-0.1781862 1.225234 2
-0.1821549 1.829265 2
-0.1851598 2.573248 2
-0.1882799 1.589494 2
-0.188569 1.623078 2
-0.1966325 1.2923 2
-0.2075332 1.793938 2
-0.2076227 1.896664 2
-0.2114885 2.058275 2
-0.2118931 0.1803527 2
-0.212571 2.710325 2
-0.2128912 1.601088 2
-0.2147423 0.7601344 2
-0.2191172 2.857698 2
-0.220019 2.856686 2
-0.2225046 2.596802 2
-0.2242973 2.522967 2
-0.2300088 1.027592 2
-0.2300904 2.886925 2
-0.2306559 1.239594 2
-0.2345368 1.641724 2
-0.2382129 2.488315 2
-0.2418566 2.006628 2
-0.2460321 0.5270968 2
-0.2465841 1.870502 2
-0.2491534 0.3801298 2
-0.2494161 2.670843 2
-0.2566993 2.290607 2
-0.2571354 0.2546655 2
-0.2576924 2.480823 2
-0.2598367 2.594157 2
-0.2618317 1.675589 2
