40 2 
-0.278315084899986 -1.31357135199396
-0.17300993256283 -0.347124730104602
-0.0579882471932959 0.890511157070838
0.169039890607193 1.43162796400546
0.0582855046882089 1.506210785625
0.594662592727659 -0.838486748123999
-1.11909486815129 1.14669608385344
0.592175501632989 0.896221358679103
-1.04654757888836 1.04079554114346
0.261732765083199 -0.344613437319646
0.288966643495577 0.380842837443468
0.496434007275181 0.876402445019807
1.83732396298453 0.836959709113163
-0.59039529062013 0.384847959660096
1.03320881799813 0.497800277787807
0.00119554207853043 1.24484164120702
0.987258427106995 -0.713948375035165
0.332483774689724 -0.591971586486965
0.848776425862058 0.497330959945401
-0.071091699465478 -0.441535588996758
-1.04830560002968 0.564111838962657
0.976390944476586 0.645749093641031
1.46082113829706 0.789682228260579
0.316510213587232 -0.908228360139706
-0.423192491198958 -0.814400665734146
0.371807224711814 1.38471595866116
1.52923839018492 0.279461461352933
0.877666394787223 0.755801129625129
-0.663936574420239 0.589426351170419
0.0375519710360571 -0.484280006513532
-1.46109167578451 -0.273570258139538
-0.926727546243239 -0.109621513852278
0.43874445819215 0.221743754057589
1.13807852694158 0.255636290525762
-1.3549049640067 -0.226304711368867
0.181737262404459 0.820041153687305
-0.509124068537405 0.608117640809685
0.118157517490039 0.458413079300407
0.518137613273203 1.54515337366305
1.77508742001867 0.902182764107586
