40 2 
-1.56440693879161 1.21085341954844
-0.524374209061624 1.17866587110806
-1.6649954149416 1.33364904557426
1.09413018352202 -0.474767337487433
-1.09902215968248 1.92229260480979
0.128849812717279 1.56754571562504
-0.920415954768765 0.919765328258567
-1.05585214036686 1.5004792683799
0.302386120692019 0.567805014925471
2.111293144621 -0.637598915491134
-0.302769871930633 1.8128904958152
-2.05620682584158 1.33553472704323
-0.12356438272926 1.02077868918664
1.92034693376305 -1.15792363451604
0.0589898980260386 1.14453569601025
1.99288167050208 0.11554823692013
-0.387237548906723 1.06264313769896
-1.57979833460515 1.69541032890759
-0.59489491380661 1.08391291810139
-0.227406507727167 2.11066097132029
-0.334306458473355 0.270534122231891
-0.541392791523513 1.79190593887243
-0.528787142397241 0.87193926528
-0.702848759555755 1.54782899176538
2.06269062562822 -0.476893137530032
0.0722710135041274 1.87939647585656
0.449705093837334 1.14354255700134
-0.805657784574544 -0.31854819516691
-1.62147390308187 1.16284505770403
-1.25809934978457 0.955038617423287
-0.563727212525374 0.395955446353348
0.454915858354715 1.15733737497406
-0.593613707312765 1.3705203459809
2.41088764809238 -0.66128883108727
-0.482434462393538 1.23340515047796
-0.503096094915397 1.73692789616608
-0.432934807572963 0.537637174450344
-0.891877982420684 1.20581100563842
2.44386801896475 -0.452316865630586
-0.999651327804243 1.6057329886922
