40 2 
1.09438116459164 -0.0185247178605814
0.728851703700186 -1.30045367048455
1.12939734893769 0.128764532300791
1.351712379258 -0.0891810764846248
1.0343585218904 -0.183355362959691
1.64619777675357 0.109822855720164
0.480821265660808 -0.34695971053555
1.64878874211575 -0.65992938354147
1.38199729476408 -0.311523755963814
-0.0948623530122528 -1.49315698041547
0.741855994972572 -0.341928989011122
1.2657978851075 -0.569433298785212
0.610468426276113 0.180691442647061
0.612585641492633 -0.233143846660066
0.744123903540089 -1.53700868494879
-0.00440439538027615 -0.708502201339656
0.359144826975287 -0.220816607674448
1.75710600219361 -0.335944885681487
2.00372759839506 -0.136367075070556
1.43859666668494 0.305470353354173
1.31194547094468 0.359273661917789
0.398352806295033 -0.339599102103305
0.594838522219931 0.374615364571256
0.881860159868116 0.0731416066647532
1.16011352042848 0.156181887627568
0.852961622294166 -0.617832714321025
-0.0182023023632001 -1.06985505125124
1.19372075137402 -0.593388416774088
1.85853110844068 -1.01293720951764
0.72694315760788 -0.668877141347324
0.319477878520692 -0.65171376243035
1.10725054222192 -0.28560853828565
1.06335883353756 0.0605719594288578
0.881576460714461 0.0900359559536932
1.99129228252577 0.828246073830939
1.97016386838907 0.377494211793809
0.799381085003426 0.555691572119583
1.50593958493195 -0.164784183777172
2.21202715804145 0.1328232177335
2.0785135500321 0.155054825792194
