40 2 
-0.688383386523598 -1.78552094489989
-0.900459741190066 -2.53228880311092
-0.916129628623345 -0.379377476836537
-0.439453212150428 0.850933466075871
0.45476459268975 -0.760687866722339
-0.401430939243962 0.643445621532551
1.09571835333683 -1.28948383901254
-0.0973871787793076 -0.348051506697915
0.499535737813736 -1.18529507643697
-0.308294224626557 -1.46986042860809
-0.963073906310478 -0.683226322079363
0.0153434875238151 -0.177366180612129
-0.932575175141948 0.627918877242971
0.531372764521586 -1.83326345589948
-1.12938725705556 0.585388235486789
-0.839779332227696 1.21602638571658
-0.707885412671903 0.374645167011602
-0.662843127037687 -0.495691321659724
-1.82577296756733 0.131467175659886
-1.65260177712197 0.825335625049405
0.163996359677825 -1.71105284261114
-1.02247091085349 0.510650371242189
0.958940859290636 -1.49224926111355
-0.0328905587313399 -1.35349075124638
-0.287269463631005 -1.68086334005959
0.582530592639388 -1.09379939315851
-0.504216601042739 1.22195214228021
-0.833313111890511 0.607704812186173
-0.502834478135562 0.3627860581928
1.31211871037121 -1.71079525447915
-0.92055521848829 0.472450737920201
-0.414170474057305 -0.600479613154884
-0.700458423316593 -0.792135443529474
-1.21222167136863 -0.229729206019296
-1.51278081353495 0.0655904985678095
-1.34289560726649 -0.0981673053167752
-0.86255751676246 -0.55634528570304
-0.265838602228348 1.21602202594645
0.413016836896893 -0.608280294193297
-0.962685095839166 -0.467904035257489
