40 2 
2.29134497796649 0.174227105476068
0.278277199259167 1.49133363400519
-0.525618967315962 0.288566929880824
1.40558055044691 0.818368352837011
0.680023882930484 -1.52540336268832
-0.525664477052303 0.24048149583893
1.3964143314766 0.766153258704769
0.922617553760509 -0.926217897513587
0.301170489514633 1.16161691339065
-1.20781074857737 -0.132900047792079
-1.43105246641823 0.302714202776597
0.594204530091983 0.250126157751657
-1.50366571660535 -0.375972880653083
-0.0579684008826121 -0.889174587712307
0.962630026573921 -1.49266700317201
-1.70550100870959 -0.440852821257997
-1.25085122425834 -0.579258401284564
1.6864561703229 1.11662117978098
1.06860858737334 0.249596707528404
0.788601565181151 -0.791668184136346
0.683775155709738 -1.15337317266209
1.07612089779874 1.27149220841681
-0.0683604813082221 1.90863908515021
-0.646651713784439 -1.38304271595239
0.388368127509447 -1.75252756559656
0.59042776989523 0.206305142058241
-0.248290250903722 -0.951147833044546
-1.51088971256504 -0.940327248394299
-1.78127656562241 -0.423651099628403
0.205973561837358 -1.42272371613405
-1.19473602114037 -0.763757406410317
-0.267495830407521 0.128799137948372
0.683469307874538 -1.33537004372083
1.6988710380012 -0.770403150126643
1.40173278481641 0.637055007171668
-0.831713011145797 -0.593137779090106
1.44772102367102 -0.34800545833341
-1.51713290935713 -0.593259508013378
-1.9739142748636 -0.507305220419392
-2.24148907139152 -0.66408372049577
