40 2 
-1.88645490808669 1.70049811571479
0.149045835511806 -0.0611399322105171
2.17827459931993 0.0423540566207886
-1.452190354807 1.82006150914381
2.56156257375502 -0.683664909292558
1.67577575396949 -1.00087138953891
-1.06061298446004 0.110478327927187
2.11732032356963 -0.0419691510693921
1.94453905935443 -0.332127425180771
-0.272864062174923 2.06503566440005
2.29700507672618 -0.89048039236766
-0.438189928814843 0.11330133932543
1.83061293839777 1.29473070127618
-0.214867423760214 -0.0771127261420148
-0.437444028925649 -0.600247265993778
2.60921183337501 -0.142755022267967
-0.969662666085137 0.519581486260233
0.977787724144304 -0.397212290508589
0.616082578107299 -0.447739483764291
-0.212356869253309 -0.11248071983198
1.17787418589626 1.4917639684077
-0.858693579195281 1.22826736213295
-0.938387389546448 1.68341634020581
2.69386277064955 0.206403920647195
2.74509087892585 -1.2945009941685
2.59672660852247 -0.0702994051182457
-1.39573535951204 2.36230161078144
0.19096069689185 -1.18926321500985
-1.97264348356936 1.81445211258152
0.903618953954351 1.2568342331472
-0.240207198294843 -0.112311640154836
1.9036941765265 1.35125268445511
0.792114402551232 0.994114750867125
-1.0483913633398 0.399504454154621
-0.203712895854697 -0.559330681713061
1.28546222314335 0.918393425331621
2.01568244244258 -0.776139608090115
-1.86527355676002 0.877880286134272
-1.21585151645875 1.06852676870858
1.65828024308327 1.25271250694449
