40 2 
1.25983331420227 -0.324559647982743
-2.05624904715565 1.95813325235024
0.820486332241301 0.85688173641536
1.74717916439476 1.0814991178603
0.847615902918853 1.51006682805658
1.37003860425503 1.75347244038972
-1.87917310124486 2.39778063311989
-0.946136929209127 2.45208033600539
0.0965644656584813 -0.132409140902539
1.7856297517781 1.64397447991668
0.985333178404863 -0.359385376047435
0.171138794799455 2.86148088528915
0.00837513357593145 0.543608187341688
-2.29963932898686 2.60230618307856
-1.61266632506188 0.47220252845275
0.149512417779218 0.261000655937508
-0.568316189873621 0.177727299952189
1.01483524564574 -0.351407371541167
0.637640544481858 -1.15028021630322
-1.31455426028569 2.04224514030707
-2.09211826979417 2.30935151373495
0.694062096048878 -0.201254488293822
-1.83548016035737 2.13585054372957
2.11623994353671 1.84149947757188
1.02423869485326 -0.870680801690797
-1.52016066827703 0.864649220086446
-1.59632631487747 0.884218447936398
-2.11919311588446 2.21627282384265
-1.3670294080053 2.93835833029638
-0.783231045752577 2.47415605535602
0.577233672082612 -0.448705170914337
-1.21230665556167 3.80895978153752
1.30812311927192 0.017542720609673
1.14328506066324 -0.131480986491077
-0.596493659722837 -1.33504735993158
1.2276099431587 2.11442433147191
-1.81581002413405 2.74979676970437
-0.63166751096905 1.56048852326085
0.786460542900419 -0.944232158828081
1.00889897784263 0.236718337571602
