40 2 
0.0884287067196896 -0.223850876339531
-1.24380779124384 0.597631006299386
-1.69754492998845 0.609131571397667
0.63318225777588 1.13594982129953
0.529380864291575 -0.519435747652466
0.269244278280939 -0.974618842157999
-1.19490202385934 0.844278322610572
0.868178828589361 1.12406388915882
-0.445026802413021 0.885396208867713
-0.420682465851466 1.11452892965752
0.111101973547922 -0.478280083487736
-0.665219269094421 1.04100265106609
-0.432781230503539 1.97973957767928
-1.32805684541913 1.23536939893067
-0.222421721302949 1.14309474926209
0.462832356314851 -1.9159052433674
1.0296813259885 -0.765881160774865
0.0587796004055635 2.03578576386671
-1.15048552708807 2.58733786385559
-0.945711069084096 0.864229140841197
-0.204913282927775 1.1017662683454
-0.757829613737047 0.637510583060254
-1.15154607213043 1.69489322272946
0.525505041918471 1.4881807611491
1.30589065149139 2.00429416691683
0.42600250548119 -0.191373293615182
-0.497219568471771 -0.877867884583244
0.34748426608966 1.32505626721961
-0.364952118099746 2.57340734394018
1.12551478598014 1.04618990371311
-0.575450867994562 0.443493933694553
0.723320341510564 1.82281467361542
0.909216612011853 1.21395958267214
0.195553309129101 2.01001912357703
-0.607749579586553 1.78102054573393
-0.704681520149919 1.98750625293997
-0.948155948704422 1.9324797372112
-1.1975052956748 1.14302208598945
0.461507802830344 1.83517518901605
-0.907938893175008 1.22950215353351
