40 2 
0.411421544437875 1.25205222576689
-1.46378599212501 0.495044487734563
-0.0562451180445559 1.29107150245966
-0.0778934403924723 0.31069589421394
-0.772879001132525 -0.0589330685385687
-0.180182723067013 1.43757419369505
-0.395579796114869 -0.0118997924087145
-0.167898015792279 1.23563426443704
0.122231864545227 1.7224358711052
-1.09056401706188 0.126764380061488
-0.704597010719629 -0.649983845008747
0.642850258989122 0.534200949930899
0.0678745977286251 -1.83571714986404
-0.00686313135448424 -1.5181181193265
-0.89303033130274 1.4975956004303
0.775792278493384 -0.893908261749947
0.800180812037692 -0.405660968141655
-1.83614197129455 0.576577576634135
0.207633474618843 2.00765685673851
-0.359858484068609 0.911596383877211
-0.0817142588132448 0.659817172007593
0.116202627933952 1.43192371485838
-0.0921600230281032 -0.578382530929056
-0.967936239862353 1.44302652993253
0.194450193411452 0.747916578429466
-0.150869820972814 2.3715132256517
-1.89553307974624 1.40765431911744
-0.00929401913406963 -0.422730315647898
0.471848928903157 0.679553048514577
0.0156757787932915 -1.06787720474833
-0.355992433223951 -0.946062041470679
0.220491014326789 1.57616867921429
1.09544229140706 -0.680726561959488
0.188555465862779 1.4282575675263
0.274041995664324 1.96775931302456
-0.142854395657906 -0.622546186060043
0.765273226613092 1.97563361794922
0.435531301216692 0.259101418286774
0.969119081449302 0.726473895103926
-0.401855397452788 -0.449822450382522
