40 2 
0.140570579265336 -1.64367703312657
0.703994700153538 0.83305870080562
-0.147104311962747 0.322703136002388
1.81072012234601 0.319734492725023
0.491719204337335 1.98796332058134
0.397449039858601 1.76224893176038
0.563775069506728 -1.75116594042201
0.187497134914699 0.913030053677582
-0.965112168850508 -0.0821601414606219
0.386820523005769 1.10422703848134
-0.467157328891119 0.742427798707789
0.499206934897377 2.01801145504825
-0.219275715430775 0.580118040050758
0.574387256934843 1.23298507138258
-1.19161936397874 -1.42783541683459
-0.275161276762146 -1.23780382227085
1.25601327213341 -1.73798360863481
0.13274555921232 1.33003621175325
-1.10614681755606 -0.535701293401715
-0.644013107847753 -0.957263246775886
-0.996638207432972 -0.249889409539185
-0.535500617211512 -0.538649428749687
-0.448982349703625 -0.2892192347739
0.174470765374359 1.19763857318992
-0.242012842103205 -1.26949896610885
0.249993486362804 -0.603969126492557
0.411879014438453 -1.48668358814018
-1.08936187229424 -0.514057453655323
1.49468403873724 0.530311330134213
0.155151810770927 -0.519469451239299
0.872388612066392 1.31879908499143
-0.432670811336044 -0.267968689637583
0.127045206165594 -1.10912824974209
1.55226516333471 0.465879504432367
-0.997316143507298 -0.955244583179283
1.29306620292059 -1.32291083894618
-0.692696565434507 -0.412743281396149
-0.448906296836854 -0.802071010244361
-0.447796569733742 -0.295494137044923
-0.870624747132821 -0.44414535293382
