40 2 
2.76908967253471 0.505617103365536
-1.99087922376651 -0.991736059533413
-0.859373148782841 0.712683590303886
2.90006966716282 -1.37030150638636
-0.440659176068663 1.3740776621588
0.515695791418677 0.552842434870402
-0.639008397031782 0.751572479464551
-1.15461811019509 2.31573644935216
-1.20940420300766 1.25311109446887
2.01276560547934 -0.00231980952595208
-0.88803170527169 1.1640650356125
-0.861098414943648 1.64793589913562
-2.11024195457001 -1.33433381045744
-1.76142044122643 -1.80437406824498
-1.1998955025303 1.12256054392498
-0.0987014223478638 -0.330185901670001
2.84571241905836 -0.94193326231143
-2.21742643639203 -2.14287101761534
-0.801762149913416 2.27800262283361
-0.387282978283472 1.14708686962537
3.58606972667472 -0.34650531296199
-0.44411836679703 2.50011878543783
3.49374060778842 -0.50953783107776
-2.17047650219993 -1.97796039462263
-0.443011184287602 0.161598541428162
1.99027246734036 0.437225403547328
-2.28085533741505 -2.15729337429883
2.91088189404302 1.09662919043862
1.92723078368119 0.666394008070388
0.111090229233117 1.52035481554608
-0.43899855626924 1.91581357608419
1.72711466679137 0.466285536472181
2.76850441725149 0.855294345242455
2.6932551622381 1.1901276630353
2.03501580791189 0.646496055578084
1.96383302995938 0.540982976482159
-0.991550017150136 1.74895702598148
2.92751173684197 1.24575690657303
-2.60688229907231 -1.33243028645756
-0.902031695771716 1.38971612546712
