40 2 
-0.883421038297858 0.209136661681966
0.566771034308524 -0.122923628056464
-1.77590394041273 0.606026362961762
-0.33739760105644 0.346347636900696
0.191514222534879 1.76489315672437
0.266833765204807 0.0235379150216453
0.27049726792282 2.12652721065005
-0.0441702347889649 -0.0726424491866827
0.403212512472565 0.702734094264922
0.446100996111517 0.378329349477325
0.775582284836973 -0.0357385229837531
-0.232746167589794 1.41100152991336
0.603209460422271 -0.163192431896023
0.686833167582102 -0.205612778612076
-0.225941790189464 -0.370645907323971
-1.54741424831375 0.534319385559763
0.518848895891279 0.843430888888841
0.279787871191745 1.22332827840369
-0.222724573280249 1.16818553722399
-1.61135359673781 -0.240292042090312
0.517322541489081 0.669292417683032
-2.10496985683515 -0.000936568507579477
-0.839063045936068 -0.151886922869481
-0.189201364757514 -0.105205086884054
-1.5909291055718 0.0267346055915588
0.105281623114072 -0.64008129971948
-0.0112549267399436 -1.38758259789537
0.547767486459599 -0.234179606674246
-0.962391739952904 2.0599287916326
-1.29907968005206 0.517850882050532
0.200822886515749 1.28924912437628
0.481234153647586 1.65996796476929
0.213944213681521 1.22627019372875
-0.302550421119846 -0.759496641883568
-0.400475385245166 -0.215654111773316
0.506805582564199 0.590898390882705
0.340357533802217 0.311706590222408
-1.77299889306397 -0.574389656782479
-0.0821429565686566 0.0144802638973566
-0.36961219351687 2.38390462214831
