40 2 
1.53186265702093 1.36013730027709
0.664134945345123 1.63038168624073
2.0825440255421 1.71148190497023
0.626881845380454 1.79001880385097
-1.38464497781684 -0.33651155648946
-0.0219088283481904 0.408061659645179
-0.446457660763687 0.0653660849420133
0.152353277710515 1.62831507273134
0.434419398110509 0.98844992727295
0.445625524311091 1.07642968874335
1.80295056113977 1.64636877642372
-0.689948377503618 0.499716856690091
0.806680270269261 1.54196939833318
1.22279707667663 2.27294101031976
-1.01255315909702 1.13517353558462
0.500050489386933 0.108998938866211
-0.294840099543386 1.28897014320632
-0.357900617953252 1.02604261506284
-0.881317934530925 0.707234703464405
-2.01338291851969 -0.479582422033344
-0.194248295666802 1.12331694730426
1.26869072624306 2.45698918639076
-1.45725971047155 0.877728629253042
-1.46422426742507 1.18474747386135
-0.413400776052138 0.704497442762865
-0.141033153100779 1.42124416445843
-2.20780012085089 0.863680867706873
-0.866389097679989 0.767110863270134
-0.0335759134757986 0.22095448741648
-1.87094124778732 -0.0822399547548598
-0.586388741361638 1.37808101107547
0.795142410912297 1.1508699100655
-1.44109381221483 2.13215987111517
-0.717974276878435 -0.613615916311315
0.0600627855601561 1.87264486676982
-0.48403652812897 0.0109720946746493
-0.712163216889797 1.87468931751362
-0.716878177556697 0.8572603881793
-1.58546651981849 0.409087875743544
-0.532712773662075 0.477489253710004
