40 2 
1.19470279023666 0.676923397465937
1.70249390541775 1.68065505226168
1.25008618928529 0.79558763385179
1.53344498583361 0.958639617181668
2.3121849778167 1.9352023307666
1.62420604265285 1.34874775183459
0.693390836068674 1.50507753788623
-0.35486775469336 -1.49017320398577
0.947047761397339 2.37722853055956
-1.24545369568136 -0.324549127471351
0.235322272664705 0.472380752469286
0.538843432084441 0.319629720797141
-0.563436286944885 -0.869481369177215
1.06462519998621 0.934627755156275
0.775953961149357 2.15746232541837
0.330784571986056 0.66900898961771
1.10622902608689 1.27822803876911
2.87377426613125 0.484773388106688
-1.05343648347797 -0.926250117295299
-0.181188372701429 -0.438323840004705
1.65353530859015 1.64688898158609
1.04258156680045 1.54591177344257
1.84196825844282 2.29733095428231
1.4429606669255 2.28523761775815
0.835934342000783 1.15676710107914
-0.645548371020976 -0.506001664228927
0.93052404910222 1.27878603987538
0.706796729720257 0.73709337308119
1.09658840315174 2.41761173071624
2.26871618819139 0.540367383879023
0.178516832314574 1.41486253105297
0.877501746599496 1.92695130843083
-0.99008785065321 -1.38660108012433
1.17714128534185 1.75661906148919
1.44655952782628 2.23727542030401
1.7093989692882 1.27786149096276
1.14827544087079 0.146108007310576
-1.10857489257695 0.44627957946687
1.42355233239955 0.962156184659622
0.806363327197722 -0.185931168388126
