40 2 
1.08165693311781 -2.36769786720563
0.707186503358338 1.21156588922036
0.582694753492604 0.682321354183836
-1.32927235649049 1.29528379679962
-2.07555465959611 1.33820691591043
0.84498795594798 1.04954166779086
1.694470795723 -0.318321250215708
-1.51719827356583 0.503405893957545
2.41589130977524 -0.0168789669740501
-0.201532312825038 1.13945473254628
-1.54503836909415 0.58009237793538
-1.21793421984707 0.540552005088204
-0.83636570570525 -0.185804462300821
0.854424253505882 0.229385556418001
-0.87696095712065 0.813837456447771
0.855603533489998 -2.72146022114744
0.980438787554847 0.685605396644771
2.35413784611158 -0.0502320084752169
-0.207496885300813 0.129795466146247
2.78386532151164 0.652433484834465
-1.1890764799509 -0.0718640070995276
1.92049138604911 0.266013746988458
0.442521887046552 -2.28240305274708
-0.595846534325208 0.403210071178403
-0.345175975722736 -0.231544004156257
-1.29089938368342 0.802161673437276
-0.76204352932539 0.521834654102014
0.966234047704868 -1.72624845412548
3.10635603907699 0.218129326852621
2.36130180903542 0.689790620617857
2.88821989111648 -0.447596270073737
-0.88868706447549 0.681050839480848
0.0621976228369046 -2.09667721553813
-2.41894157778905 0.856626512053666
-2.23821183578491 1.04881030259403
-1.46371880619225 0.608641856834489
-1.13839945333117 0.432012101145588
-0.0586205911548228 -1.47246363970942
0.147949621851289 -2.88387047663779
-1.23336862096552 0.778401984427614
