40 2 
0.417502436289948 -1.61525546107388
0.632291781923128 -2.00868539236251
-1.13616722782932 0.410932379415404
0.261400058540493 -0.6489058891824
-0.356576300655014 0.067936508387661
1.54299103137139 0.0743240473416447
-0.0426185400926916 -0.100591526685319
1.242663853624 -2.07606836932805
0.769500130668601 0.257541902537826
0.206361677092973 0.460286691967012
1.7255041479761 -0.367627543608797
0.0220447576024063 0.0794142200152754
0.119293387976488 -0.659472985549953
2.17759968042549 0.516226755124216
-0.566407721229014 0.861992352957799
-0.438913176072408 0.0224105880687241
0.773939554733915 -0.853978662018931
0.13272781526347 -0.0435300073644491
-0.525624724792999 1.48852707898548
-0.98902258906961 -0.516864549413132
-1.21440804739379 -0.194083264509529
2.20000140068335 0.770937973119147
-0.614398772599835 -0.617971722317262
-0.648865522947803 -0.484917471755386
-0.736316145272543 0.353764614984781
-0.155071719917649 1.45224266018236
0.79151068488009 -1.12473505480318
-0.263312081899269 -0.0857405461211626
1.86642086891634 1.56163960453177
1.43849442222859 -1.37422080353478
0.080719816612206 -0.0868453895257913
1.61042807285588 -0.18829943706014
-0.159651080871989 -0.405571280390233
-0.546835255753031 0.258553624436136
0.948565422266174 -1.47695418858355
0.447593306184779 0.328762863778069
1.88905435057264 0.941160807793818
1.22099207859528 -1.54734699010879
1.08159093687009 -0.514761883141579
-0.121048115941682 0.0360671522940678
