40 2 
0.250921636214428 -1.85842345353022
0.594178670475888 -1.3116748574586
-3.2794091323346 0.37661778657605
0.467843977618314 -1.39264585947058
-0.988566832341077 -0.786164797070868
-1.38286128348349 0.662002529951198
0.16568154479637 -1.60658968900666
-0.971331433709253 1.56893450498907
-0.500589172792734 -1.93190621495629
0.654748256755032 -0.421717669566644
-0.575607345035958 -1.2127699599858
0.720053842576067 -0.614244988569611
-0.582476288037753 -0.102120012105355
0.254680419867826 -1.47578064371624
-0.364205739754578 1.33668170132553
0.551402972327568 -0.876833366643817
0.59621006009691 0.402615281689013
0.125423382320493 1.08167374090244
-0.252801062139777 1.09901733265233
-1.49069225959988 -0.592503984977465
-0.429324999791415 1.42514330195325
-1.10748130638558 -1.6368844626538
-0.853166748161029 1.48014442770019
-1.95670521406637 1.44151900254271
-0.579662155759977 -1.5893720311138
-0.361147766778695 -0.639542007242872
0.20027791093176 -1.14986886824073
-0.622163357034314 -0.888201460135479
-0.114281616161752 -0.848863138605623
0.164085046403339 -1.14338831877763
-1.42432433021173 -0.906667222400413
0.653689541890929 -1.05349322154078
-0.399792675743483 -0.579554486844989
-0.399275699865283 -0.820814543943342
-0.957716800041166 0.794950541243906
-0.531740557025613 0.976972686536977
-0.809731692597065 -0.950329005949695
-0.594303351034627 -1.19019814440936
-0.336413773217111 -1.46824683133527
-0.865790169014535 -0.562725212548382
