40 2 
-1.37928715424211 1.0174768300179
0.0954854436336477 -0.775756243187903
-1.61510910158296 -0.0627215008829124
-1.85175120351998 -0.0413048891213196
-1.1163963078396 -0.977821162599996
0.581956771601801 -0.0428886568214607
1.42754723583448 -0.526143336972201
1.07460842017951 -0.444259975274559
-0.924796320151106 -0.6883425277188
0.809845962197879 -0.505874277939727
-0.183316122873353 -0.468021610944425
-1.34728517156159 0.0500987739652574
-1.03596779124204 -1.13022977034297
-0.962095775897164 -1.69411444527048
-1.35141879633081 -0.439494759008627
-1.3022569854892 -0.965375278294903
-0.255199339375147 -1.48513101301213
-0.0327378532718576 -0.762716839744882
-2.00140031017812 -0.392273097542056
0.60913838456462 -0.679147397972135
-1.85929320523953 -1.70762302651737
-0.853602368414305 -0.425564319550765
-1.35281623375041 -1.44756966753465
-1.17284226134546 -0.31304007064299
-0.176529435416639 -0.0433636077732704
-0.836664656756509 -0.977698120454994
-0.882468018547865 -1.57250099102111
-0.696656044608798 -0.987326837700002
-0.909200640315371 0.142671203210547
-0.814114685759405 -0.396221203935376
-0.943263654643242 -0.964544291629175
-0.535576526099921 -0.678832829203947
0.737729910195303 0.648401961538544
-1.1128979558132 -0.784269361654895
-0.794364654372633 0.271434199072672
0.023901244872167 -0.563128038931715
-1.12521632297204 -1.35338367521945
-0.687003210167696 -1.16232298669173
-1.37083440988208 0.147410711026717
-0.237186130069883 0.543395828028028
