40 2 
-1.32796440366235 0.673874616837204
0.720035616304422 -0.798727298265823
0.204782559187328 -0.305637134775043
-1.44711075001752 0.892521329202305
0.382064099005881 -0.622681063857154
-1.2479751489047 0.337198654565923
0.178682498046457 -1.91661151089896
0.620570428152728 -0.272833225095155
1.13062096674275 -0.872583151683058
-0.0595163327948844 1.4734536222398
-1.20822924671109 1.0896209456477
-0.0493965293138431 0.145886903050337
0.452403579257446 0.257802925769047
-0.972179940038972 1.32479448342094
-0.398908466985345 -0.0481803330279784
0.26533941396885 -0.855236916838793
1.46156018755279 0.344756663750492
0.678467551528317 -1.29276794384861
-1.42266694246992 0.858931850586477
-1.09503269632194 1.5935571335188
-0.339761115465299 1.44784334606957
0.47530789248941 -0.0246549168457827
0.8952998802878 1.11873611347717
1.27530518635751 -0.454175931354464
-0.924786230404705 2.05009832354016
0.103749519503749 -0.244392902176901
-0.775371905479451 0.90542492897925
0.444850727691867 -1.66863622670793
0.148534840424607 0.493283370874669
1.67364185393408 -0.10362075125955
1.04867765708286 -0.0180514337110115
1.68794672220125 -1.14957855926914
-1.82466447700376 1.44504383551506
0.624196949856466 -1.10243937981119
0.7670739908996 -0.168511678510081
-1.31986171771156 0.520786395979494
0.617749187204146 -0.572823712651513
-0.239737274792512 -0.369224067346032
0.0465388953535558 0.650713048078357
-0.720780308043726 -0.20849167498319
