40 2 
0.624497516331093 0.559717246571639
0.33101866979302 2.2476017917899
0.962011415162172 -0.833971437041192
-1.47153727917752 -2.00816128655798
-2.08890579947594 -1.51273605344153
0.225078095258917 1.76224460930327
-1.43916177203195 -0.991490714391771
-0.524407388343914 1.79830180521336
-2.42983925920207 -1.70380175425901
0.817209174615342 1.88670861707884
0.0509059217465952 1.84184940427953
0.559118974751972 -0.00371950123149614
-0.527676794412668 -1.09021018183511
-0.875982916150268 1.11075668042733
-0.479136533204664 1.75561112007969
1.71953742998395 -0.407394232567911
-3.04441441613259 0.180252798624819
-0.0179478030233723 1.3640656801548
-1.33270135129245 -1.73019706007088
-0.995358093974719 1.34474329558197
0.448390623568635 1.56817098178196
0.0725635341094567 1.57386654807588
-0.0401321284849048 0.724690744136992
-1.89769356492208 -1.33643549222776
-0.977080484051349 -1.10622807842664
0.300740844304085 0.0166105305918949
-0.703893984799136 -0.412197114226559
-0.114552327786044 0.918533578220378
-1.36518956296852 -0.949243767622284
-0.272689328819408 1.63323479304944
-0.18057959154469 1.91753475942154
-0.0642831787283243 1.47489461429173
-1.80526141220442 -1.31611678977194
-0.471627020863008 1.74344401777587
-0.0174433448200747 2.45517130596165
-2.3124690021946 -1.92606305593836
-0.413887792243774 1.10749234774107
0.486140889992744 -0.964296074981733
-1.98698684932289 -1.58385107614263
-0.717596341612786 -0.208878215514381
