30 2 
0.922759883562855 1.53855359105811
0.192437318378946 -0.182445366224164
0.804469205955344 1.13184321361253
-0.944229029002214 0.999375891818204
0.726135901956837 1.0197869606705
-0.504367081238227 0.233963014816305
0.220655963759607 0.98080484048371
0.338363660090172 1.17297246256066
0.292686249007925 0.51312901124811
0.0707649236884784 0.158203275634933
0.191336685759677 -0.0179702359613668
1.97035905848602 0.900474227896914
-1.19015088177305 0.909856859703892
-0.436484903344178 1.17761706514755
1.36074425092129 1.03741099133903
-0.500123386539239 0.85292590692886
0.52611694580385 0.0610048490684466
0.913089801038669 1.65268282961035
-0.429450444661968 0.525796634219266
0.144348000392325 1.32381873553524
0.394354599269341 0.947052335079639
0.11146285308625 0.239941269649989
0.378800477502304 0.318700317654789
1.63234719114816 0.304714211525358
-1.33777222997168 0.777127834008849
-0.80376788104084 1.07020628417017
1.31798637828611 -0.714682156579255
1.25176184872461 0.662097061050554
-1.46426623590319 1.41690591568016
1.08559091088324 0.205428225742049
