30 2 
1.23706881213646 -0.122165149554333
0.61173511902062 -1.19454281666636
0.931747793080834 0.0364024083979847
-0.376845804506399 1.2823408322193
0.761261728232534 -1.42173437309713
-0.674005161529577 0.652866591291402
-1.82886072836658 0.354171862307541
-0.241547805027953 1.59435552918846
1.2294995366605 0.714486873670001
1.28064951776504 0.386168731103491
-0.865199198712453 1.52695347233849
-1.23861842696103 0.858627603143529
-1.72603915104034 0.926887320997165
0.130908241728494 0.474396735591168
0.584098978307857 -0.878995214208388
0.756398392785505 -0.00900119843434977
0.0905507686932359 -0.272552746603881
-1.49142289060864 0.527043246555546
-0.625527068452844 1.16035842581063
-1.11928426348298 0.568271258089912
1.46788840166335 -0.364806614001484
-0.696293150337753 -0.581960671244863
0.840393883931148 -0.649128883976986
0.915252829148162 0.667009141753605
0.879995766135655 -0.825625931779089
-1.37853059339125 0.55669814919741
1.00942330394341 0.427348370308973
0.535042540687966 -0.572415764358566
1.04846369540912 0.491197609265726
-1.40639754319491 1.9995794248329
