30 2 
-2.49602554133202 -1.8037066451439
1.18576475685592 -0.69206445535781
1.72989656731222 -1.77617474311613
0.875136412773873 0.0831632303938943
-1.1220747604405 -1.36899357550047
1.77171534652394 -0.0746682386136154
1.66845862804462 -1.28710712911713
-2.53499100392031 -1.74380767813003
0.659781412448561 -1.53110256504152
0.732450951561656 -1.29224048842838
-1.22271083448352 -2.97373321888746
1.62559369767251 -0.866810714036667
-1.70851647753806 -1.89838453346901
0.239852752093555 -0.357172485889724
-1.55481925528633 -1.39253137126208
1.23973878370584 -0.399286299319014
-2.27073264132373 -1.37854448544525
1.94745269446013 -2.27418210654476
-2.07471456843191 -1.18687526490804
1.53110162005026 -1.268016036633
2.27629469825193 -0.402708381174003
-0.547557165868209 -2.77522901732825
2.29303939448089 -2.21632347127018
1.7471367478237 -0.465536623199265
-1.68325230786103 -1.15068851885387
-2.83735148510178 -1.1982424634763
1.65599701234872 -0.642649838375901
1.5382170413457 -1.56563166142372
-1.22375673848028 -2.11287992783909
-1.79716348541803 -2.10097449162306
