30 2 
-1.74791438729799 -0.139036844190349
-0.0807138643065591 -0.597281337518892
0.515567365708789 0.402772253664713
0.83143322400213 1.00573224229706
1.44840788661611 0.374066725961064
-2.21915682633457 0.754407834353829
-0.600944243438623 1.22945220184317
-3.00969479618811 0.483608811568875
-1.66451526066349 0.542230498367439
-0.942973957041713 1.26931689022022
-0.4851850650746 0.595650915377133
-0.832975406095902 0.565819867191617
-1.0981839075163 0.273936382245326
-1.15523653667673 1.15627506879593
1.21683084168653 1.0400652931365
-0.891863227239592 0.429302307253192
-1.13433559364783 -0.253663573626522
-0.497655352447685 0.0969746806583716
-2.46378478753542 0.146811731987405
-1.3414035869511 0.298351157333319
-2.35236619538724 1.11274883206139
-1.48941843474829 0.38641609645362
-0.609957145450877 -0.230259708062277
0.309058922200069 -0.544470723202382
-0.207397576651754 1.67160097686781
-1.48267750305801 0.535781226334385
-0.44852132046439 1.65478529373785
-0.300470553232035 1.54434542211546
-1.91078727153841 1.31837709398978
-1.98865051450745 1.3213681474706
