30 2 
-1.24871189928461 0.766122451880061
0.831703430047999 -1.0200987347361
1.86079221081191 -1.06257769922616
1.38651764967987 -1.56906506697485
0.61197135432991 -0.926364155438258
-1.38273332891668 -0.414079817751174
0.318226783361016 0.804999451505066
-2.2239805864246 0.611751483251498
1.27111966636301 -1.80610509811816
0.631704298931578 -1.71045030772256
-2.45784636694807 -0.265165630727589
0.870472779677628 1.60741179378385
-0.130057105892176 0.409246342256041
0.227182456689741 1.82318709773064
1.20770644558362 -0.232536670812303
2.00454017506007 -1.21812663987072
0.673366418470286 0.650066572206558
0.550448367828054 -0.405537666276747
-1.92104296369929 -0.474563070463298
1.08532241346368 -0.694299061262517
-2.0276411205683 0.19026046881132
1.75012973854695 1.13775835129537
0.485301464336571 1.23510383457249
1.03304589725809 1.08071178972095
1.1288684038131 1.12460202960859
0.741630034544786 0.734227173436275
1.69317304957557 -0.904913811885407
-1.40745357833689 0.417313831648849
1.17237109313222 -1.76779852812298
1.40010259580687 -0.861749790528798
