30 2 
-0.70873398358284 1.01967207567841
-3.16900712814276 1.0130022282379
-1.39577821377515 0.906185421555225
-0.184663254121982 -0.69609289061427
-1.48655371062679 0.219657593598026
-0.617349067315026 1.05575309086215
-1.67020481071187 1.48268236612989
-2.59227644705797 1.3093118965113
-1.00960812498298 0.333487072246234
-0.575484618802709 0.741800707835425
-0.513802923055154 -0.0499923614295442
-3.52444333408536 1.48779052318719
-2.49769528086646 0.964945500367127
-1.47872398537486 -0.000290947430684857
-0.459097003336517 -0.274012485036194
-2.86487287778823 1.55934564412129
-2.48944176496029 1.75012977387184
-3.38831731394987 1.80598168936555
0.587695992363557 -0.407053636761935
-0.359817428517213 1.49180418114795
-2.43478336639275 0.115799134243161
-3.44551119448271 0.720856843619234
-0.382630525420933 0.844116747065828
-0.730054194465316 -0.593038580722257
-0.958897796251777 0.262061853596393
-0.0559479084952094 -0.0814836980414199
-1.41946812937129 -0.42028362478038
-0.6506207281119 -0.157834404049406
-2.87142835602067 0.451381429770338
-3.36486581129222 1.77078336200653
