30 2 
1.76224358377287 0.315920316580363
-2.43593251128846 -0.908622745838656
-2.03956255793189 -1.02069970667641
-1.22826727438648 0.473277369676098
-1.08065120750111 0.0999231911354831
-0.840400886546297 -0.553484599082629
-1.07310185474061 -0.576129446120718
1.98993536328975 0.216860432751916
-1.07244766639417 -1.16973183312361
0.113814322781743 0.270638447034025
-0.349414632673741 -0.428421238557437
0.984932255126241 0.64721046055581
-0.968670774242588 0.669985304598105
-0.0583250949538019 2.30223449552611
-0.21852752914833 -0.991078908001903
-1.32407459839985 -0.556453629677328
1.06103093062353 0.226503495310051
0.24504449170947 1.97851805967812
0.0356253337374616 0.534574472359786
1.6117323399069 0.376925015172573
1.15672461479639 0.300534460785417
0.856166724537581 0.212025379918734
0.249048971443997 0.752707028504441
-1.50207295875094 -0.611920096561705
-0.0534830976507178 0.535268190880523
-0.480610566669151 0.461280269734744
-0.0157795431338716 1.14662939659112
0.359590451218984 1.34456474703677
-0.242468133858716 -0.0763498716282593
-0.247297203725707 -0.0485115776285445
