30 2 
-1.31243845301736 -0.371687945919241
-0.0256640503893066 0.517034675761789
-0.336328892914551 -0.177988159252925
0.215601112420301 -0.245933486875399
-0.77282130327622 -0.524173981625062
-0.565133139452032 1.96462826374061
-0.285539591233846 -0.957201531343992
-0.324190963722802 -0.566515437228357
0.374390170336698 1.05118101686089
0.257039871328897 0.955161884103818
-0.49348164001592 1.43547337980923
-0.59880477079807 2.12766617018202
-0.3340559830564 -1.05968467577601
-0.172174055202248 -0.789164192763295
0.783525403810364 -1.21589515397862
-0.837535655311287 0.271276273334621
-0.340813022655919 0.764856186086007
-0.535417272869259 0.403204902110484
-0.684529343209724 -0.99237373051265
-0.666584905527187 -0.299153203025083
-0.560275831576084 0.387520020958544
0.429497296095274 0.0957739019671782
0.550050823814019 0.508001071233345
-0.0210858973629199 0.654777674058899
-0.254395450481629 0.151975822310139
-0.831652950245554 -0.157215247281651
0.472720153911776 0.381562364947553
-0.298468051998583 2.65098320686767
-0.149974729104154 0.492095112809758
-0.994347403057182 0.892054291830489
