30 2 
0.0889821713503698 -1.73918063249596
2.16797818252733 0.0207981494608879
0.0680744285881112 -1.40464927331249
0.537951661503107 0.0526564003145367
0.48316556869054 -0.254677756285532
-1.84210820828395 0.835736647457154
-0.0752038310469811 0.176595193655116
-0.2257120189198 0.202118839984453
0.218752873160279 -0.760092048969937
0.673319435108672 -1.69932341609679
-0.564509106506452 -0.235379290261238
0.714126451876845 -0.102627660747356
0.892846932963195 1.17656761485755
1.27449681561743 0.85492427191393
0.673078762994379 0.72411937305959
1.08755793462432 0.749123511774383
-0.268804087088568 1.8421569957299
1.03072254611076 1.11894417772634
0.595675556204493 -0.957784454595635
1.32144674980953 -0.461874393745305
1.42700006561146 -0.338251633513249
-0.907792584243562 -1.80296154094382
-0.908669271864124 0.0626068837133082
1.24235448149573 -0.800371343115667
-0.970834267902732 -0.14875987324249
0.64073157665215 -1.27967562645073
1.03584235663855 0.404938008338344
0.0585872542440711 1.0393066079996
1.0999770047042 -0.689914965806369
-0.138200674588362 -1.60141103876083
