30 2 
0.222180430761755 -0.4353138925626
1.42879988098004 1.7464341093588
1.03370631401159 -1.35029489774567
1.3914396967107 0.563883217426982
-1.56942208176318 0.98471243692843
1.81586781660734 1.13322079740207
-1.3504210049783 1.60041206548259
-2.45112188841098 1.31389209326142
1.67871624122539 -0.284502133916414
1.49955089058657 1.54249522196696
-2.55796961888565 1.79869971051074
-2.50800337883953 1.80776540406577
0.220422409620432 -0.852110108702803
1.05920481919369 -0.356550501126465
1.18244458704179 -0.309392275902288
0.346042231906719 -1.12908312686773
0.418531341838944 0.295311693682813
1.04785928771474 -0.850059466072523
1.40112785784916 0.19705957249642
1.77267208422274 0.31903636104462
0.231069115015279 0.298710468213247
0.729009785154449 -0.47825913474847
-2.65880736382793 1.32201600832994
1.47953556098423 1.29202295692889
1.33375014762767 0.591061736528425
0.197776179887405 -1.0276847746494
0.726014860361833 0.0966072817974389
-0.758565084649717 -0.792918017376359
0.711224903757053 0.929603417013632
-3.28858852725767 1.79468343937397
