30 2 
-1.11824929552214 0.710000310118708
0.860284927071183 0.966336502103389
-0.459044512685389 1.09187848382054
1.85750524997125 -0.346623423219071
0.44780875984874 0.758544804498531
0.8042844034972 0.52168408213115
-1.55634778604443 1.28874411940095
0.721204323611601 0.66711395781364
1.38828164868128 0.0983842005819019
0.559781917668252 0.900360393954856
0.444035900376305 -2.79555771534198
-2.72883988624917 0.134775516511113
1.38690074241481 -0.406014531670757
-0.557450135635101 0.0621900346146487
0.505551019856752 0.882606770547291
-0.897316007465203 0.0871598325420098
-0.822825798742319 -0.0642947614411049
0.194845721045159 0.723255494784823
0.615632527508168 1.28598651501707
-1.90186007530988 1.79158610728423
0.751594999944439 0.824953325544012
-1.69192910113639 0.161201921298064
-0.170080119503384 1.31618455649278
0.0391906813471633 1.22506722860255
0.794109510097951 1.47188356190734
-0.27866072938987 -3.70408356305424
-0.124726003980806 1.033470161731
0.46799947904368 -3.36172646451586
-1.75609203718878 1.18600153176974
0.352794257350211 1.61466990829824
