30 2 
0.0620397919313752 0.828980325745299
-0.535641376212361 0.393029282891371
0.52979372273151 1.84037324065856
-1.38149423286626 -1.89601173022717
-0.790005292644757 1.06747945026412
-0.923519054104306 0.931121512884962
0.457412929692813 -1.33825617711156
-0.901509844047876 0.70367294927595
-0.457242112636691 -1.45009314789852
-0.639681751898736 -1.90954579446988
-0.520185357374914 0.961496655220867
0.503140507500604 2.44018358092262
-1.27412430605691 -2.63753546147273
-0.914077169585802 0.894769433977505
-0.147367337435003 0.756252489950307
-0.166528712556712 -0.519131618373378
0.231536800543942 -0.796169919382269
-0.389481765069582 -2.19476012121459
-0.294308318893114 -0.580238936775239
-0.95857933230552 0.680690200708889
-0.141617596983592 1.41537633087993
-0.90335731278332 -1.3911844083915
0.0424827596022296 -1.68864325311023
-0.495018514274573 0.941974565339715
0.198008836128547 -0.894710096892889
-1.05337148146146 0.813005267039505
0.0466117383953047 0.691046695393129
-0.512561525272785 -0.153777860933492
-1.33829136661795 0.101822148401024
-0.823858265601311 -1.35247910083127
