30 2 
0.14830439116219 1.59987513159037
-0.666560821363172 -1.37337995003207
2.22136698149532 -0.930810570320061
-2.77523832687673 -2.13621718232287
1.54765000932945 -1.74898979423636
0.766863321818356 0.497863945068332
0.297185789866585 -0.788618428727557
-1.70137592998375 -0.711152035365685
1.79363087628676 -0.0602432778254235
0.38279053359934 0.697123174123246
0.815209023712224 0.817352631784468
0.450291736629123 0.206679578302568
0.779568869298816 -0.387796932775229
-0.864980105957824 1.54187828771767
-2.08781857093742 -2.53466307627729
-0.117838935119979 1.07758772154329
0.627435934065615 -1.39315829335836
-1.19691789860425 -1.67823939173838
0.819042690357526 -0.713013289174152
0.820405110996886 1.82914926231058
-0.0158394421495406 0.446606548211148
0.89173885305626 0.0701384736676876
-0.066660254409581 1.11143124893599
-2.33394795436232 -1.39183119260699
0.444880649306609 -1.18683026409838
1.13341141546425 1.15272204679742
0.0700989716657286 0.782622251253666
0.860546169201921 0.9866955933443
0.171030074066483 -0.368158894332659
0.305352515749949 -0.975164828109138
