30 2 
-0.575580767430814 1.09289305947716
0.218128543951913 -0.368450066601322
-0.0378444479870602 -1.12366548961631
-0.48011996052905 1.51973271109743
0.680016897028205 0.717450544300291
-1.81445595341467 0.521985750607717
-1.31748015666409 -1.42713185505197
-1.39478419058436 -0.563320749196084
-0.777413704114548 1.92931140748048
-1.16606261383079 -0.241754764655261
-0.74152206162701 -1.34492285719702
-0.718902260836584 1.33007903342658
0.311400905034824 0.0393677383675905
-0.991773589857925 1.03239095645924
-1.01118374476409 2.41477771058612
0.886498554647205 -0.79142977730557
0.553496950558872 -0.0132986886518384
0.970262102724433 -0.257919484453145
-1.74138785192532 0.513531891873697
-0.656325633338763 -0.0968226074389666
-0.0246250135542283 0.983735917033528
-0.722611124006665 0.0584104050302312
-1.08606468688712 -0.331981517321608
-2.09265705605265 0.717150837349126
-0.359996123740893 -0.300300006323301
-0.340157689553342 2.24297726037984
-0.57329718857667 1.88666679238693
-1.13499499051481 -0.542969184560719
0.0977110444569565 0.680686798065727
-0.565769583239972 1.69941165606362
