30 2 
0.0410622906635405 2.23489812573898
-0.570849052473131 2.29213460752682
-1.04982463211267 2.72676568725576
-1.77954962488076 2.80578646916165
2.057387404092 -0.761274384037354
-0.296186218756711 -1.02852996139939
-0.564744613417802 2.11765603641632
1.56672698180659 -0.271111453834136
0.878983850009513 -1.51356361915191
1.39639473486495 -0.44241138527446
2.40006826823739 -1.16863154800172
1.38678321084821 -0.806298625088362
1.36083551527303 -0.524122272701745
0.381432191222667 1.94958357850129
0.548060729987447 -1.05561903667877
1.02879633957433 -1.21883761074313
-0.591496046015747 2.10837827343319
0.254080596625444 -0.303872947628788
1.69293295295535 -0.544005656669138
1.32602590682174 -1.42208422169156
1.33523139655776 -0.904828512658863
-1.22423508290015 3.44453109088429
1.60329730014623 -0.370542701815106
-0.625829620693013 3.27385914097412
0.346852863621034 -1.28295957126747
0.246675336613236 2.99214266168948
-1.28112848055867 1.8754384132702
1.4409065613799 -1.2295798444775
1.36174286249673 -0.589672095241582
0.91371268875565 -0.374073523841839
