30 2 
-0.640118740412128 0.708919639626275
-0.29377490981137 0.259858231419161
-0.851004399302719 -0.0954707405060159
-0.0277204252455714 0.725324382527614
-0.74624333629058 1.05917139427878
1.17393002352699 -0.452894109267899
0.0432519989681803 -0.496525140290127
0.0817892399965507 -0.922279075096042
-1.28550656767499 0.170202441290912
-0.688336557034539 0.900565006120092
0.543447030516531 -0.116318483917306
0.230503496409889 -0.0459014619990025
-1.30140607646641 0.206132240163798
1.00883233029669 1.33791044978845
-0.680995701796345 0.560898874762094
-0.336051841215665 1.46746243402148
-1.58178376159844 0.392997653011199
-0.0342395635372144 -0.787043521092153
-0.398856577023259 0.663268179370504
-0.524571356724483 0.483754675686912
1.36710770616581 0.779614125758956
-0.729661581775055 0.00987429530530559
-1.23932271575257 0.17741431798779
0.599406152511703 0.251553819392389
-0.854854264641186 0.346788682097964
-1.01783613498305 1.29304628514944
0.576295326879652 1.39280125928771
-0.721110737377822 -0.21247128308116
-0.613019326264987 0.793232137305311
-1.01829931053759 0.993171567165286
