30 2 
-1.82156504542742 0.422081663712392
1.7806578455641 0.11555334458535
2.9242201731978 -0.0708351307001987
-1.26055609698115 -1.14620106029831
0.496351680911874 0.293618795465669
-1.9353014564427 -0.641384297318966
-1.69003991087214 -0.383259047334426
0.919303206223029 -0.0103998031675159
-2.42954044433683 0.563477227323373
-0.773470914050528 0.877897035874354
1.79443880183115 0.691996116894757
-1.97280263123763 0.192458971139991
0.450207729250446 0.0282062083207201
-1.16057412409198 -0.165514608687464
2.56198511516292 0.620614217266688
1.51551687789306 -0.481951102345958
0.798568867684399 0.0467212637293765
1.70935633706939 1.2595739945357
-1.48510323166856 0.241124720469223
-1.95908570573804 -0.535658557261987
2.6115043557434 -0.904565970186555
1.61189844971642 -0.702716321385139
1.33209854321925 1.04419375844328
-1.17361310173128 -0.47994458118722
2.91490720844261 -0.538351617857885
1.75454129663409 -0.651859526389488
0.483648162218266 0.12586389499563
2.18484988428021 0.0883837722567635
2.3239140304255 -0.152798176809352
2.14800129326604 0.309435405757534
