30 2 
-0.242566409153131 0.366039597963879
1.30966125555869 0.433610923120996
0.280875832634564 -0.122203858863188
-0.368526805279785 -0.358514287376837
-2.01365331649362 0.811905852439773
0.957702482894235 -1.14240664268354
0.140902468291601 -0.557871165960229
-2.16798141120353 1.20198648501684
-2.48914792098978 0.532737510298874
0.014060531935926 0.0173490753546398
-2.37493141538179 0.220199133354036
-0.58735832548554 0.236551885144794
0.84873157494518 -0.225594300530512
-1.44439005972556 -0.497767356691879
-1.40934457531368 0.662024714314621
-2.68703980280886 0.157354486792536
1.47734802629996 -0.858014657696972
0.261206726108126 -2.80818614193899
-2.08810488755132 0.787866716303434
-0.124177841070176 -1.17717430711936
-2.9905150791841 0.326479272796026
-0.96201736121684 0.665039425309262
-1.76395283810272 -0.0160910875027572
0.701282658778793 -1.82724161338693
-0.444880295835536 -2.10709256901219
-1.80943473728155 -0.0513425753459339
-2.38117784164128 0.788538205339566
-2.20722900317991 0.384772597200511
0.00932423957577022 -1.6489972782211
-2.19155752261458 -0.18855047018297
