30 2 
0.971586917225797 0.631156455846732
1.05410399887672 -1.90934459724493
-0.195047557027855 -1.33154702088904
2.95185277147707 -1.85976806118986
-1.04382832719204 -1.81787105312155
0.887626497012996 0.703030990198316
0.243037535599279 -0.384147580378129
1.24036578934416 0.903893514366258
0.850457760370824 -0.727540552290304
0.40656015919191 -0.184108571632552
0.804763495656217 -1.41505492404301
1.0358016359559 -1.04568970400969
0.253210059534104 -1.72803849414735
-0.0430384801245023 -0.950288114132473
1.14519969288334 1.10845360903288
0.946978964728194 -0.546780202024232
1.17696880309649 -0.221851958026032
0.724137373476407 0.771301773426203
0.784717391671903 -0.435242495595005
-0.0217071406367424 1.04440719138863
0.118618452588321 -1.42205016637085
0.732811230339214 1.34370535454275
2.34569805427022 -1.45725906203767
1.16696467365362 -0.696325154731624
0.765421844644229 -1.13603568125313
0.715588942626698 -1.55091832515699
0.903996039282509 1.32541874712317
3.37147307700909 -1.66082415619348
0.0108132471825695 -1.36112787241882
1.88129124866209 0.430519106379992
