30 2 
-0.723102175104012 -0.273300381451076
-0.305253582468109 -1.70603884122293
0.286691597702409 -0.773854781886304
-0.100184769793128 -0.577815537449483
-1.30534620621328 0.347106613593146
-0.369996963156718 -0.0472746263281121
-0.955700949167407 1.44450481857779
-0.916420938637577 0.920881400378796
-1.16966271245261 1.00379438797529
1.02635426096985 -1.34246831524854
-0.804286901301957 0.941266621776057
-0.987178227454809 0.531370053466637
0.564380518038661 -1.64146096821596
-1.72470156688039 -0.621166117796839
-1.17518960189623 -0.594199547450777
-0.811366252544597 -1.30912503801579
-0.985429700036445 -0.240632176094399
-0.846918542368793 0.138991601354695
-0.0870232509719464 0.000213549770888388
-0.936875459797109 -0.430859297289515
-1.3896005908713 0.999934724590122
-1.69369609893621 -0.775772871604437
0.865820281481184 -0.546804460978695
0.262976294358322 -0.45442243757223
-0.886139862709116 0.731842219227155
0.144742286395141 -0.480278751478328
-1.88324704173034 0.319230717428341
-0.875173408750125 -0.480192258969944
-0.996384203132907 0.763638441614856
-0.386699832706261 -0.615743558455451
