32 9
1.05014140268484 0.443351187387912 0.650972511665306 -0.497544811512448 -1.16905780133071 -0.199976285516119 1.12356528430547 0.920320143992215 -0.0153799111004832
-0.715185376926135 -1.01671196173119 -0.238538730655134 2.96028981221192 -0.0874052335852721 2.05159856053151 -0.0160436120109345 -1.50666512746579 -0.674731832942236
0.441177028432357 0.552913613960068 -1.38607180811686 -0.543940910501265 -0.677764094844141 -1.89006600846312 1.976695834904 -0.0126793881054016 -1.08490045886738
0.685355021601506 -0.715370446953408 0.993941632205075 0.334174062122967 -0.746362523093054 0.186586708250189 -0.454352550159862 1.2576579989075 -0.191611914369053
0.111432171638174 -0.924633320481225 -1.01927437242636 1.20031114724028 -0.291877844252732 0.0847035767502956 0.871696355967814 -1.0062880276005 -0.677146623089575
-1.78454083199142 -0.644710347942632 0.642950934208056 -0.221456062014506 1.64648668860058 -1.0113939514819 -1.38658047153954 -0.2683379972932 1.31100927438717
1.04674143649041 1.19497127889878 -0.244666487597658 -0.347547261638777 -0.824497284983776 0.559983033508139 0.908467966095841 -0.280454932186447 -0.326750457342242
0.852791393654149 -0.520382576878705 -0.245323015620612 -0.305939795502232 -0.382724445015237 1.60245164148267 0.113228666418925 -0.112175072592272 -0.287380667242718
-0.189417818459767 0.013698389073862 1.25819603024135 1.15069267657958 -0.559869161647472 0.0235216447466019 0.075549184028432 0.233856472920592 -0.533231972086691
1.64234458926457 0.733495304232545 -0.549205483369386 -0.708017408513681 -0.879086264081832 2.11269890193073 0.971376071462663 -0.938543258814696 -0.189832816685035
-0.00409191593064496 0.570943639876716 0.969751401078905 -0.13831172724804 0.228111947855809 -1.1063976933705 -0.837463543938045 -0.254290761081413 0.519869570444966
-0.614468185592635 -0.851474498794407 -1.03498923424829 -1.00210869456937 0.992434060653274 -1.42385393751068 -1.16030899643652 1.227245353622 0.844703315960359
-0.227741307144584 0.0593783060495495 1.91167706686965 -0.1235010811859 -0.100921853864664 -0.331739401649463 -0.414008400399826 0.380592051095426 0.308990121407401
0.49532498829129 -0.469794575872642 0.0708700643098041 2.36645080833242 -0.794675242305975 -0.481778397353706 0.00981241568048404 -0.978131521316162 -1.07774736535109
0.288738882502503 -0.138658467284878 -0.722595598487984 0.621243257570066 -0.312671105519436 -0.22671012082794 0.563593477192665 -0.728298881920947 -0.587803928293444
0.8038327838428 -0.875635553915124 -1.23634371777922 -0.0420394897678728 -0.405395596714633 -0.827198526460016 0.850478209399715 -0.202419252791 -0.391272885354189
0.71462142234929 0.650429023519982 -0.991717930404144 -0.896968298210286 -0.0552970866988291 -0.820059435704515 0.635129387483402 -0.686822176920593 -0.181411404909229
-1.0036812452761 -1.70688005795588 0.677182545965803 -0.595384234200822 1.07753380180986 -0.496986802406652 -0.966336564671863 0.126742180221968 1.24328876564188
-2.2525071555844 -2.35102478500755 -0.505245936000428 -0.91864149974581 2.40364907004179 -1.32402775571733 -1.98198417762964 0.679165887429172 1.27329748740257
-0.133559556076996 0.459482994285878 -1.5400945664335 -0.526050893564714 -0.219821332325813 0.809063784999638 0.560805693338073 2.22347079106047 -0.864600993836953
-0.184555763254363 0.943932102839162 0.665652166683973 -1.09320123449821 0.128569206196633 0.766122289377218 -0.68010269462971 1.83419130809882 0.709586176463609
1.15526965169988 1.1029355496013 0.595391197790814 -0.545903445026646 -1.08060394807837 0.196895268807574 0.421615755147561 1.27417628212453 -0.0751372346027929
0.161020888413791 0.539048237460769 -0.77568528723603 0.570122409977964 -0.175140954030792 1.09243897512912 1.08984325797016 -1.34181102998839 -0.7773697052683
0.399626201332837 1.7070747642786 1.80019965084023 -1.1530563504231 -0.112652340647155 -0.157449384863943 -0.364844817638367 -0.140347108510336 0.128983017066281
0.129276537630204 1.65662017778593 0.530937301525171 0.221198270137144 -0.383323936387073 0.538414228436746 -0.301591240937789 0.637572255690796 -0.65160187880908
-0.9258684251188 0.259358102802247 -1.44872690450545 1.32094715036606 0.407539624420538 1.84575083440114 0.662164421388999 -1.49694521069368 -1.01029810743666
-0.605428401886836 -0.298324619119097 1.19303032273929 -0.172122528718911 0.252810803909809 -0.23147879254452 -0.441082488877877 0.874570698573926 0.517232386549906
1.04631168625226 0.917094479582547 -1.32471134176712 0.843841351464802 -1.04376912112019 -0.818374806325334 1.58214812884737 -0.719058040502791 -1.0215203720583
0.23096898971539 -0.532719764050536 1.27818135727135 -0.437407909915567 -0.247252869119608 -0.763108305311577 -0.432016344039655 0.71703134832032 0.43723336533001
0.557975460253812 -0.0168489642944374 -0.00278396953717675 0.126497960036976 -0.613922108469736 0.482422227797836 0.210915119730797 0.709807488841584 -0.215552960274346
-0.231423896818367 1.16149003895814 -0.500823976137062 0.227756842122329 0.647893742414142 -0.162886619768528 -0.645198253625224 -1.63706241648359 -0.416136744815095
-2.94048065598901 -1.90304725031229 0.527864176927634 -1.67438211140436 3.37906320221407 -0.0791654508735585 -2.54517107282753 -0.786070056632109 3.95722675408074
