79 8
0 1.32416970895823 -0.777192467750714 0 1.64596149141265 0.562554170546681 0.121904279273295 -0.399115415374714
0.174779496500142 -0.257616154232296 0.894081189185864 0.851584922980075 -1.10881119386136 1.94630549259903 -0.178142786778041 -2.95561145439653
0.259455277413254 -0.352904459243774 -0.27074590504266 0.668579567038798 -0.0692743314938116 0.256026978952806 -0.613422333303218 -0.202461873911497
-1.18003299810965 0.14259472681591 0.0668851367627094 -0.612457924550139 1.7499151776494 -1.32915649757552 -0.757106843806675 -0.464666595862452
-1.09535721719654 2.92501323315105 -1.11482350955608 -2.25950612802163 1.00924516321252 -1.04890306526112 -1.41636518611665 -2.16899728854366
1.52959199110994 0.218825370825091 -0.473324530125882 1.58360634674518 -0.199216439289756 -1.55686241133097 0.244458714702713 0.190845209014936
0.852185743805039 -0.391019781248364 -1.62127007226414 0.302568855156245 -0.0887656476632033 -0.181869009038444 -0.583840228199565 -0.202461873911497
0.513482620152591 -0.143270188218523 0.742147220373448 -0.246447212667585 -0.017297488375434 0.457459133428781 -0.380991507488803 -0.399115415374714
-0.841329874457203 0.809612861896252 -0.27074590504266 -0.795463280491416 -0.082268542273406 -0.173111089278619 -1.23464654047993 -1.18572958122758
0.936861524718152 0.218825370825091 -0.827837124021519 0.668579567038798 0.32055199189402 -1.38170401613447 -1.1078660900357 -0.792422498301147
-0.417950969891644 0.962074149914616 -1.28363903045877 2.49863312645157 -0.621528289626574 -0.251932367117044 -1.61498789181261 -0.989076039764364
0.174779496500142 -0.143270188218523 -0.388916769674539 0.668579567038798 0.703881209892055 -0.970081787422695 -0.528902033007067 -0.530217776350191
0.259455277413254 -0.543481069266729 0.910962741276132 -0.795463280491416 -0.764464608202112 0.291058657992106 0.667060216183468 0.715254652916847
-0.0792478462391948 -0.124212527216228 0.573331699470763 -1.7104900601978 1.32110622192279 -0.689828355108294 -0.182368801792849 -0.268013054399236
1.02153730563126 0.199767709822796 -1.28363903045877 0.485574211097521 -0.231701966238742 -0.952565947903044 -0.249985042029769 -0.202461873911497
-0.841329874457203 1.28605438695364 0.759028772463716 1.03459027892135 3.25724362808236 -1.33791441733534 -1.61921390682741 -1.90679256659271
-0.587302531717868 0.295056014834273 -0.27074590504266 -0.246447212667585 -0.764464608202112 3.28626721585226 0.802292696657309 0.58415229194137
-0.417950969891644 -0.0860972052116368 -0.101930384139975 -0.246447212667585 -0.881412505218462 0.518764571747556 0.86990893689423 0.649703472429108
0.0901037155870296 0.218825370825091 -0.101930384139975 -0.246447212667585 -0.718984870473532 1.92003173331956 0.252910744732329 0.190845209014936
0.174779496500142 0.123537065813614 -0.27074590504266 -0.246447212667585 -0.589042762677588 0.545038331027031 0.667060216183468 0.780805833404586
0.344131058326366 0.35222899784116 -0.439561425945345 0.119563499214968 -0.621528289626574 1.74487333812306 -0.0133282012005469 0.190845209014936
-0.163923627152307 0.619036251873297 -1.11482350955608 -0.429452568608862 -1.10881119386136 1.35952486869076 0.61212202099097 0.453049930965892
-0.841329874457203 -1.24861452635166 0.910962741276132 -0.978468636432692 -0.946383559116434 0.431185374149306 2.0320630659663 1.50186881876971
0.0901037155870296 1.11453543793298 -0.777192467750714 0 1.89934860161474 -1.55686241133097 0.819196756716539 0.453049930965892
-1.18003299810965 -1.62976774639757 1.8394481062409 -0.0634418567263088 -1.10881119386136 0.939144720219157 0.747354501464811 1.10856173584328
0.852185743805039 -1.68694072940446 1.29923843935231 -0.612457924550139 -0.199216439289756 -0.330753644955469 0.540279765739241 0.715254652916847
0.259455277413254 1.4575733359743 0.505805491109689 1.4006009908039 1.84737175849636 -0.768649632946719 -1.09941406000609 -1.31683194220306
-0.333275188978531 0.599978590871001 -0.912244884472861 1.4006009908039 0.119141724810307 -0.173111089278619 -0.976859624576667 -1.12017840073984
-0.841329874457203 -0.00986656120245442 -0.946007988653398 1.21759563486263 -0.413620917153063 0.632617528625282 -0.812045038999173 -0.0713595129360192
1.69894355293616 -0.867461306305752 0.235700657665394 0.119563499214968 0.547950680536923 -0.199384848558094 -0.735976768732637 -0.202461873911497
0.428806839239478 -0.905576628310343 0.235700657665394 0.119563499214968 -0.04978301532442 -0.970081787422695 -0.647230453421679 -0.399115415374714
0.259455277413254 -1.70599839040675 1.07977826217882 -1.16147399237397 -0.744973292032721 0.326090337031406 1.18263404798999 1.04301055535554
0.00542793467391743 -0.810288323298865 1.2485937830815 -0.246447212667585 -1.0308459291838 1.28946151061216 1.65172171463363 1.23966409681876
0.00542793467391743 -0.962749611317229 1.41740930398419 -1.34447934831525 -1.00485750762461 1.55219910340691 2.10813133623284 1.3052152773065
0.598158401065703 -1.68694072940446 0.640857907831837 -1.34447934831525 -1.10881119386136 -0.243174447357219 0 1.50186881876971
-0.333275188978531 -2.25867055947332 1.53558016861607 -1.16147399237397 -1.0308459291838 2.82209746858153 1.32631855849344 0.977459374867803
0.852185743805039 -0.352904459243774 -1.3174021346393 1.58360634674518 -0.972371980675623 0.0721106639964813 -0.431703687666494 0.125294028527197
-0.0792478462391948 -0.219500832227705 -0.101930384139975 0.668579567038798 0 0 -0.807819023984365 -0.923524859276625
-1.60341190267521 0.962074149914616 -1.01353419701447 1.03459027892135 1.32760332731259 0.0896265035161313 -1.07405796991724 -0.59576895683793
-1.43406034084899 0.199767709822796 0.0668851367627094 0.485574211097521 0.749360947620636 -0.444606601833194 -1.19661240534666 -0.857973678788886
-0.502626750804756 0.35222899784116 -0.608376946848029 1.21759563486263 -0.04978301532442 0.212237380153681 -0.761332858821482 -0.792422498301147
-1.09535721719654 1.00018947191921 0.910962741276132 1.94961705862773 1.21065543029624 -1.55686241133097 -1.26422864558358 -2.5623043714701
-0.417950969891644 0.180710048820501 0.100648240943246 -0.0634418567263088 -0.134245385391784 0.159689861594731 -1.04024984979878 -0.661320137325669
-0.0792478462391948 0.275998353831978 -0.777192467750714 0.851584922980075 -0.283678809357119 0.203479460393856 -0.871209249206478 -0.726871317813408
-0.248599408065419 -0.772173001294274 3.10556451301103 -1.7104900601978 0.22959251643686 -0.952565947903044 0.743128486450003 0.58415229194137
-0.756654093544091 -0.124212527216228 1.75504034578955 -0.0634418567263088 -0.660510921965357 0.413669534629656 0.823422771731347 0.649703472429108
0.767509962891927 -0.962749611317229 0.573331699470763 -0.978468636432692 -0.86192118904907 0.667649207664581 1.04317555250134 0.780805833404586
-0.756654093544091 -1.00086493332182 1.07977826217882 -0.429452568608862 -0.731979081253126 -0.339511564715294 1.53761930923382 1.10856173584328
0.682834181978815 0.199767709822796 -1.80696714525709 0.668579567038798 0.333546202673615 -0.584733317990394 -0.57538819816995 0.125294028527197
0.428806839239478 -0.162327849220819 -1.09794195746581 0.668579567038798 0.950771214704349 0.212237380153681 -0.854305189147248 -0.857973678788886
-1.5187361217621 -0.962749611317229 0.742147220373448 -0.429452568608862 -0.972371980675623 -0.0505002126410689 1.42774291884883 1.10856173584328
-0.502626750804756 -1.03898025532641 1.2485937830815 -0.978468636432692 -0.86192118904907 0.737712565743182 1.3559006635971 1.04301055535554
-0.587302531717868 -1.13426856033789 1.07977826217882 -0.429452568608862 -1.05683435074299 0.816533843581607 1.41929088881921 1.04301055535554
-0.248599408065419 -0.276673815234592 -0.439561425945345 -0.978468636432692 -0.952880664506231 0.369879935830531 1.42774291884883 1.10856173584328
1.9529708956755 -1.04279178752687 0.117529793033514 -0.246447212667585 -0.608534078846979 1.00045015853793 0.637478111079815 0.846357013892325
2.20699823841483 -0.937974652014246 0.0331220325821725 0.119563499214968 -0.452603549491847 0.877839281900382 0.383917210191362 0.715254652916847
2.03764667658861 -1.09996477053376 0.303226866026468 -0.0634418567263088 -0.770961713591909 0.781502164542307 0.519149690665204 0.780805833404586
-1.26470877902276 0.657151573877888 1.31611999144258 1.4006009908039 2.73747519689858 -1.30288273829604 -1.45862533626473 -1.51348548366627
0.259455277413254 1.07642011592839 -0.608376946848029 0 0 0 0.950203222175573 0.649703472429108
-0.333275188978531 -0.257616154232296 0.235700657665394 -0.612457924550139 -0.842429872879679 0.326090337031406 1.25447630324172 0.977459374867803
-0.587302531717868 -0.962749611317229 0.404516178568078 -0.978468636432692 -0.803447240540895 -0.00671061384194391 1.35167464858229 0.977459374867803
0.0901037155870296 -1.01992259432412 1.2485937830815 -0.795463280491416 -0.738476186642923 1.26318775133268 0.700868336301928 0.518601111453631
1.44491621019682 -0.162327849220819 0.404516178568078 -0.429452568608862 -0.173228017730567 0.124658182555431 0.64593014110943 0.58415229194137
1.10621308654438 0.504690285859524 0.573331699470763 -0.978468636432692 0.39202015118179 0.124658182555431 0.464211495472706 -0.202461873911497
0.0901037155870296 2.33422574207989 -1.28363903045877 0 2.58804177293324 -0.357027404234944 0.996689387338456 0.780805833404586
1.52959199110994 -0.219500832227705 0.0668851367627094 -1.89349541613908 -0.407123811763266 0.807775923821782 1.35167464858229 0.846357013892325
-1.43406034084899 0.35222899784116 -0.777192467750714 -0.246447212667585 0.788343579959419 -1.33791441733534 -1.05715390985801 -0.530217776350191
-0.333275188978531 1.95307252203398 -0.946007988653398 -1.89349541613908 1.56149912134529 -1.51307281253184 -1.15857827021339 -1.64458784464175
4.0698654185033 -0.524423408264433 -2.36405836423595 1.03459027892135 -1.10881119386136 -1.55686241133097 -0.178142786778041 1.10856173584328
-0.587302531717868 0.657151573877888 0.0668851367627094 0.119563499214968 -0.368141179424483 -0.497154120392144 0.333205030013672 0.321947569990414
-1.26470877902276 1.13359309893527 -0.101930384139975 -0.246447212667585 -0.0237945937652313 -0.462122441352844 0.244458714702713 -0.0713595129360192
-0.417950969891644 1.4575733359743 -0.101930384139975 1.76661170268646 1.25613516802482 -0.663554595828819 -1.47130338130915 -1.44793430317854
-0.926005655370315 -1.21049920434707 1.11354136635935 -1.89349541613908 0.431002783520573 -0.646038756309169 0.320526984969249 0.649703472429108
-1.01068143628343 1.8577842170225 -1.36804679091011 0.302568855156245 -0.556557235728602 -0.94380802814322 -0.896565339295324 0.977459374867803
-1.43406034084899 0.390344319845751 -0.608376946848029 0.119563499214968 1.0547249009411 -1.11020850357989 -0.676812558525331 -0.59576895683793
-0.587302531717868 0.676209234880183 -1.67191472853494 0.668579567038798 -0.134245385391784 -0.681070435348469 -1.65724804196068 -1.84124138610497
0.259455277413254 -0.219500832227705 -0.101930384139975 0.485574211097521 0.781846474569622 -0.348269484475119 -0.414799627607264 -0.333564234886975
-0.502626750804756 1.83872655602021 -1.36804679091011 1.4006009908039 -0.49158618183063 -0.996355546702169 -1.31916684077608 0.846357013892325
1.36024042928371 -0.448192764255251 0.269463761845931 1.4006009908039 -0.290175914746917 0.326090337031406 -0.659908498466101 -0.923524859276625
